0.16
0.16
0.16
0.16
0.312
0.324
0.16
0.244
0.737
0.245
0.453
0.16
0.16
0.16
0.16
0.24
0.304
0.544
0.594
0.677
0.543
0.454
0.494
0.24
0.16
0.16
0.16
0.16
0.16
0.16
0.16
0.256
0.586
0.376
0.426
0.172
0.16
0.2
0.16
0.358
0.596
0.382
0.771
0.809
0.873
0.461
0.401
0.352
0.16
0.16
0.16
0.16
0.16
0.16
0.184
0.381
0.423
0.511
0.367
0.307
0.312
0.3
0.232
0.192
0.272
0.351
0.36
0.397
0.433
0.54
0.412
0.516
0.16
0.16
0.16
0.2
0.16
0.16
0.172
0.292
0.52
0.341
0.375
0.27
0.257
0.16
0.16
0.16
0.232
0.16
0.28
0.26
0.392
0.339
0.77
0.509
0.16
0.16
0.16
0.16
0.16
0.16
0.16
0.22
0.459
0.329
0.267
0.207
0.16
0.16
0.16
0.172
0.304
0.496
0.459
0.425
0.509
0.569
0.539
0.23
0.16
0.16
0.16
0.16
0.16
0.28
0.229
0.16
0.16
0.448
0.538
0.514
0.18
0.18
0.16
0.291
0.474
0.521
0.445
0.376
0.558
0.402
0.478
0.489
0.16
0.16
0.16
0.16
0.16
0.16
0.16
0.207
0.312
0.524
0.695
0.297
0.264
0.47
0.342
0.459
0.535
0.483
0.443
0.407
0.66
0.71
0.494
0.275
0.16
0.16
0.16
0.16
0.16
0.16
0.16
0.336
0.301
0.413
0.321
0.192
0.192
0.22
0.232
0.16
0.296
0.479
0.353
0.468
0.598
0.646
0.596
0.683
0.16
0.302
0.16
0.16
0.16
0.16
0.16
0.232
0.521
0.501
0.522
0.326
0.291
0.16
0.16
0.2
0.41
0.296
0.423
0.302
0.41
0.22
0.276
0.304
0.16
0.16
0.16
0.16
0.16
0.16
0.28
0.574
0.38
0.232
0.28
0.34
0.22
0.16
0.22
0.329
0.292
0.364
0.292
0.392
0.272
0.376
0.34
0.355
0.16
0.269
0.16
0.16
0.16
0.16
0.272
0.16
0.16
0.16
0.16
0.16
0.16
0.16
0.16
0.16
0.16
0.253
0.645
0.58
0.638
0.724
0.372
0.212
0.16
0.22
0.16
0.16
0.16
0.16
0.22
0.16
0.28
0.3
0.192
0.18
0.16
0.16
0.16
0.16
0.494
0.46
0.462
0.595
0.755
0.668
0.499
0.294
0.16
0.16
0.16
0.16
0.16
0.16
0.16
0.16
0.542
0.55
0.4
0.18
0.184
0.16
0.16
0.172
0.16
0.501
0.512
0.591
0.63
0.582
0.477
0.342
0.16
0.16
0.16
0.16
0.16
0.16
0.16
0.16
0.295
0.287
0.275
0.16
0.16
0.16
0.16
0.16
0.407
0.729
0.484
0.494
0.453
0.36
0.16
0.16
0.16
0.16
0.16
0.16
0.16
0.16
0.16
0.2
0.232
0.34
0.512
0.16
0.172
0.28
0.339
0.172
0.2
0.284
0.296
0.448
0.551
0.628
0.232
0.16
0.16
0.16
0.16
0.16
0.16
0.16
0.16
0.18
0.361
0.189
0.169
0.169
0.16
0.16
0.16
0.16
0.26
0.322
0.422
0.515
0.45
0.507
0.257
0.329
0.16
0.16
0.16
0.16
0.16
0.195
0.16
0.172
0.252
0.364
0.447
0.16
0.16
0.16
0.16
0.22
0.22
0.472
0.466
0.374
0.391
0.431
0.316
0.169
0.16
0.16
0.16
0.16
0.18
0.16
0.16
0.3
0.336
0.18
0.16
0.26
0.275
0.16
0.16
0.16
0.352
0.312
0.412
0.364
0.328
0.404
0.376
0.365
0.16
0.16
0.16
0.16
0.16
0.16
0.16
0.222
0.212
0.172
0.423
0.483
0.16
0.22
0.16
0.28
0.249
0.309
0.81
0.748
0.621
0.915
0.586
0.312
0.16
0.16
0.16
0.16
0.16
0.16
0.16
0.172
0.328
0.368
0.529
0.272
0.16
0.16
0.16
0.16
0.16
0.256
0.468
0.431
0.468
0.228
0.427
0.301
0.16
0.16
0.16
0.16
0.16
0.16
0.16
0.392
0.533
0.696
0.618
0.625
0.317
0.22
0.16
0.16
0.256
0.526
0.652
0.574
0.514
0.513
0.241
0.343
0.16
0.16
0.16
0.16
0.16
0.16
0.16
0.24
0.307
0.333
0.419
0.457
0.16
0.26
0.16
0.332
0.16
0.489
0.459
0.364
0.435
0.494
0.3
0.304
0.16
0.16
0.16
0.16
0.16
0.16
0.16
0.345
0.292
0.319
0.527
0.631
0.291
0.204
0.172
0.169
0.388
0.487
0.382
0.678
0.561
0.57
0.361
0.252
0.16
0.16
0.16
0.16
0.16
0.16
0.16
0.207
0.465
0.38
0.38
0.16
0.16
0.16
0.16
0.16
0.16
0.449
0.424
0.866
0.304
0.436
0.285
0.16
0.16
0.16
0.16
0.16
0.16
0.16
0.16
0.16
0.204
0.264
0.213
0.16
0.16
0.16
0.16
0.16
0.16
0.252
0.528
0.475
0.633
0.483
0.378
0.474
0.22
0.16
0.16
0.16
0.16
0.16
0.22
0.264
0.21
0.267
0.284
0.189
0.189
0.18
0.16
0.16
0.22
0.278
0.448
0.642
0.69
0.664
0.516
0.516
0.16
0.16
0.16
0.16
0.16
0.16
0.16
0.16
0.351
0.181
0.293
0.184
0.16
0.16
0.172
0.16
0.16
0.453
0.654
0.759
0.635
0.753
0.394
0.475
0.16
0.16
0.16
0.16
0.16
0.16
0.16
0.22
0.322
0.291
0.221
0.212
0.212
0.172
0.18
0.16
0.26
0.312
0.189
0.41
0.3
0.344
0.382
0.16
0.16
0.16
0.16
0.16
0.16
0.16
0.16
0.304
0.288
0.38
0.292
0.394
0.292
0.232
0.16
0.16
0.172
0.232
0.382
0.534
0.685
0.928
0.586
0.488
0.16
0.16
0.16
0.16
0.16
0.16
0.172
0.256
0.364
0.517
0.336
0.304
0.34
0.212
0.497
0.475
0.658
0.408
0.517
0.612
0.684
0.88
0.597
0.541
0.16
0.16
0.16
0.16
0.16
0.16
0.16
0.22
0.389
0.73
0.56
0.392
0.332
0.16
0.16
0.26
0.431
0.523
0.583
0.562
0.727
0.504
0.42
0.304
0.16
0.16
0.16
0.16
0.16
0.16
0.284
0.357
0.315
0.172
0.16
0.16
0.16
0.16
0.16
0.16
0.16
0.26
0.369
0.622
0.594
0.554
0.375
0.407
0.16
0.16
0.16
0.16
0.16
0.16
0.16
0.16
0.255
0.332
0.16
0.28
0.255
0.16
0.16
0.16
0.16
0.439
0.572
0.385
0.364
0.56
0.608
0.16
0.16
0.172
0.16
0.16
0.16
0.16
0.16
0.16
0.16
0.18
0.16
0.16
0.26
0.272
0.2
0.2
0.16
0.301
0.311
0.676
0.501
0.373
0.426
0.471
0.16
0.16
0.16
0.16
0.16
0.16
0.195
0.16
0.44
0.172
0.16
0.16
0.16
0.16
0.16
0.22
0.16
0.427
0.638
0.585
0.644
0.57
0.445
0.561
0.16
0.241
0.16
0.16
0.16
0.16
0.219
0.407
0.527
0.317
0.204
0.244
0.2
0.2
0.16
0.16
0.16
0.296
0.339
0.446
0.35
0.534
0.567
0.311
0.16
0.16
0.16
0.16
0.16
0.16
0.215
0.232
0.207
0.16
0.16
0.16
0.16
0.2
0.2
0.16
0.195
0.16
0.353
0.44
0.59
0.649
0.519
0.304
0.16
0.16
0.16
0.16
0.16
0.16
0.16
0.374
0.595
0.276
0.193
0.172
0.172
0.16
0.16
0.16
0.308
0.452
0.396
0.465
0.33
0.351
0.412
0.335
0.16
0.16
0.16
0.16
0.16
0.16
0.16
0.16
0.16
0.22
0.184
0.282
0.16
0.16
0.16
0.172
0.16
0.315
0.539
0.301
0.484
0.588
0.396
0.405
0.26
0.341
0.16
0.16
0.16
0.16
0.392
0.22
0.439
0.521
0.367
0.16
0.16
0.16
0.16
0.16
0.26
0.327
0.444
0.434
0.534
0.543
0.639
0.361
0.16
0.296
0.16
0.16
0.16
0.16
0.16
0.232
0.623
0.572
0.339
0.319
0.29
0.32
0.32
0.22
0.172
0.344
0.232
0.352
0.69
0.801
0.16
0.362
0.16
0.16
0.16
0.16
0.16
0.16
0.16
0.16
0.16
0.172
0.281
0.172
0.232
0.18
0.16
0.16
0.172
0.192
0.392
0.255
0.232
0.267
0.207
0.16
0.16
0.16
0.16
0.16
0.16
0.16
0.16
0.172
0.18
0.16
0.16
0.16
0.16
0.16
0.16
0.172
0.16
0.496
0.62
0.599
0.841
0.707
0.463
0.16
0.16
0.16
0.16
0.16
0.16
0.16
0.22
0.422
0.312
0.464
0.16
0.16
0.16
0.16
0.16
0.21
0.16
0.342
0.394
0.558
0.628
0.638
0.444
0.634
0.16
0.16
0.16
0.16
0.16
0.16
0.16
0.372
0.608
0.531
0.241
0.16
0.16
0.292
0.172
0.16
0.16
0.311
0.588
0.408
0.387
0.646
0.362
0.281
0.16
0.16
0.16
0.195
0.16
0.16
0.16
0.402
0.264
0.347
0.24
0.24
0.18
0.16
0.16
0.16
0.16
0.16
0.593
0.751
0.707
0.477
0.504
1.139
0.16
0.16
0.16
0.16
0.16
0.232
0.292
0.36
0.452
0.36
0.24
0.16
0.16
0.22
0.18
0.18
0.21
0.306
0.341
0.57
0.371
0.16
0.16
0.16
0.16
0.16
0.16
0.16
0.16
0.16
0.22
0.392
0.227
0.16
0.16
0.16
0.16
0.16
0.16
0.16
0.22
0.45
0.365
0.44
0.474
0.442
0.552
0.16
0.16
0.16
0.16
0.16
0.16
0.16
0.16
0.22
0.342
0.56
0.4
0.27
0.279
0.22
0.21
0.16
0.16
0.38
0.584
0.424
0.655
0.773
0.508
0.255
0.16
0.16
0.16
0.16
0.16
0.16
0.16
0.379
0.529
0.311
0.403
0.261
0.241
0.22
0.16
0.16
0.22
0.622
0.512
0.609
0.576
0.411
0.499
0.384
0.16
0.16
0.16
0.16
0.16
0.16
0.16
0.292
0.3
0.16
0.16
0.16
0.16
0.16
0.16
0.18
0.28
0.42
0.381
0.293
0.432
0.421
0.262
0.16
0.16
0.16
0.16
0.16
0.16
0.16
0.16
0.26
0.312
0.342
0.34
0.28
0.16
0.172
0.172
0.195
0.215
0.18
0.537
0.475
0.195
0.267
0.292
0.352
0.16
0.16
0.16
0.16
0.16
0.16
0.16
0.305
0.506
0.395
0.3
0.16
0.16
0.16
0.16
0.16
0.232
0.312
0.33
0.216
0.352
0.584
0.561
0.16
0.16
0.16
0.16
0.16
0.16
0.16
0.195
0.21
0.2
0.18
0.16
0.169
0.16
0.16
0.16
0.16
0.16
0.252
0.242
0.277
0.289
0.362
0.514
0.29
0.16
0.16
0.16
0.16
0.16
0.16
0.16
0.16
0.16
0.18
0.344
0.256
0.184
0.22
0.16
0.22
0.16
0.329
0.432
0.382
0.491
0.652
0.464
0.607
0.16
0.28
0.16
0.16
0.16
0.16
0.16
0.16
0.172
0.409
0.16
0.172
0.22
0.16
0.28
0.184
0.16
0.16
0.16
0.209
0.336
0.381
0.304
0.304
0.16
0.16
0.16
0.16
0.16
0.16
0.22
0.425
0.405
0.585
0.401
0.227
0.16
0.22
0.16
0.16
0.22
0.22
0.672
0.84
0.699
0.733
0.876
0.703
0.16
0.16
0.16
0.16
0.16
0.16
0.16
0.24
0.469
0.249
0.249
0.289
0.272
0.212
0.22
0.172
0.22
0.443
0.415
0.507
0.645
0.445
0.493
0.445
0.16
0.16
0.16
0.16
0.16
0.2
0.195
0.332
0.591
0.315
0.255
0.16
0.16
0.16
0.16
0.22
0.16
0.16
0.667
0.564
0.628
0.605
0.583
0.473
0.16
0.16
0.16
0.16
0.16
0.16
0.16
0.16
0.386
0.452
0.352
0.22
0.22
0.172
0.172
0.18
0.24
0.322
0.416
0.57
0.425
0.404
0.486
0.201
0.16
0.412
0.16
0.16
0.16
0.16
0.16
0.26
0.478
0.267
0.16
0.16
0.16
0.16
0.16
0.16
0.16
0.33
0.334
0.469
0.516
0.424
0.384
0.25
0.16
0.16
0.16
0.16
0.28
0.16
0.16
0.252
0.399
0.381
0.232
0.22
0.21
0.232
0.16
0.16
0.16
0.195
0.529
0.767
0.666
0.442
0.615
0.33
0.16
0.232
0.16
0.16
0.16
0.16
0.16
0.18
0.304
0.169
0.169
0.16
0.16
0.16
0.209
0.309
0.38
0.252
0.412
0.801
0.435
0.816
0.725
0.64
0.16
0.289
0.16
0.16
0.16
0.16
0.172
0.207
0.301
0.172
0.16
0.21
0.16
0.16
0.16
0.16
0.2
0.212
0.308
0.584
0.51
0.699
0.468
0.262
0.16
0.285
0.16
0.16
0.264
0.195
0.224
0.568
0.598
0.292
0.16
0.16
0.16
0.16
0.16
0.18
0.18
0.18
0.446
0.719
0.584
0.413
0.16
0.16
0.16
0.16
0.16
0.16
0.16
0.16
0.16
0.16
0.404
0.419
0.232
0.232
0.16
0.16
0.16
0.16
0.16
0.38
0.301
0.581
0.385
0.535
0.494
0.252
0.16
0.16
0.16
0.16
0.16
0.16
0.16
0.332
0.3
0.212
0.172
0.16
0.16
0.16
0.16
0.16
0.16
0.16
0.26
0.312
0.384
0.393
0.564
0.522
0.16
0.16
0.16
0.16
0.16
0.16
0.16
0.16
0.351
0.315
0.24
0.195
0.195
0.16
0.16
0.172
0.21
0.192
0.331
0.508
0.693
0.728
0.406
0.276
0.16
0.16
0.16
0.16
0.16
0.16
0.267
0.272
0.303
0.307
0.207
0.16
0.2
0.16
0.16
0.21
0.16
0.172
0.426
0.518
0.538
0.716
0.666
0.16
0.16
0.16
0.16
0.16
0.16
0.169
0.189
0.249
0.264
0.229
0.269
0.169
0.16
0.22
0.16
0.16
0.16
0.393
0.715
0.401
0.518
0.606
0.728
0.743
0.16
0.304
0.16
0.16
0.16
0.16
0.22
0.24
0.409
0.42
0.22
0.22
0.16
0.16
0.16
0.16
0.16
0.16
0.395
0.612
0.657
0.677
0.623
0.374
0.16
0.16
0.16
0.26
0.16
0.16
0.16
0.16
0.241
0.16
0.279
0.16
0.16
0.16
0.16
0.16
0.16
0.382
0.494
0.466
0.574
0.67
0.74
0.16
0.16
0.16
0.16
0.16
0.16
0.16
0.16
0.276
0.22
0.16
0.16
0.16
0.195
0.16
0.16
0.16
0.16
0.16
0.373
0.377
0.365
0.459
0.638
0.404
0.16
0.24
0.16
0.16
0.16
0.16
0.169
0.16
0.21
0.26
0.22
0.181
0.172
0.172
0.16
0.16
0.16
0.16
0.341
0.633
0.621
0.393
0.477
0.312
0.16
0.16
0.16
0.16
0.16
0.16
0.16
0.232
0.16
0.16
0.16
0.16
0.16
0.16
0.16
0.16
0.16
0.362
0.559
0.339
0.472
0.251
0.541
0.449
0.16
0.16
0.16
0.16
0.16
0.16
0.16
0.16
0.3
0.356
0.332
0.312
0.16
0.22
0.22
0.16
0.16
0.312
0.571
0.481
0.433
0.511
0.219
0.277
0.16
0.16
0.16
0.16
0.271
0.16
0.16
0.172
0.16
0.252
0.18
0.22
0.18
0.172
0.16
0.16
0.22
0.169
0.32
0.376
0.438
0.631
0.67
0.511
0.16
0.16
0.16
0.16
0.16
0.16
0.274
0.296
0.534
0.16
0.16
0.16
0.16
0.16
0.16
0.16
0.16
0.18
0.314
0.581
0.473
0.663
0.459
0.352
0.16
0.16
0.16
0.16
0.16
0.16
0.16
0.464
0.336
0.169
0.169
0.18
0.16
0.16
0.16
0.16
0.16
0.16
0.393
0.634
0.26
0.332
0.442
0.46
0.16
0.16
0.16
0.16
0.16
0.16
0.16
0.407
0.588
0.387
0.244
0.16
0.16
0.16
0.16
0.18
0.242
0.475
0.741
0.807
0.742
0.784
0.533
0.642
0.16
0.16
0.16
0.16
0.16
0.16
0.279
0.341
0.32
0.204
0.195
0.195
0.172
0.16
0.16
0.16
0.232
0.354
0.344
0.395
0.543
0.416
0.526
0.425
0.16
0.16
0.16
0.16
0.16
0.16
0.18
0.189
0.212
0.209
0.209
0.169
0.172
0.172
0.16
0.16
0.26
0.16
0.295
0.383
0.59
0.683
0.573
0.41
0.16
0.16
0.16
0.16
0.16
0.16
0.16
0.16
0.272
0.172
0.16
0.16
0.16
0.16
0.16
0.16
0.16
0.16
0.244
0.491
0.455
0.436
0.169
0.447
0.16
0.16
0.16
0.16
0.16
0.24
0.232
0.504
0.388
0.344
0.172
0.22
0.172
0.172
0.16
0.16
0.21
0.21
0.406
0.764
0.378
0.476
0.461
0.657
0.16
0.16
0.16
0.16
0.16
0.16
0.16
0.386
0.482
0.16
0.16
0.16
0.16
0.16
0.16
0.16
0.22
0.329
0.493
0.657
0.732
0.843
0.865
0.16
0.16
0.252
0.16
0.16
0.16
0.16
0.16
0.16
0.172
0.252
0.16
0.16
0.195
0.16
0.16
0.192
0.172
0.16
0.18
0.16
0.307
0.417
0.469
0.48
0.16
0.16
0.16
0.16
0.16
0.16
0.219
0.315
0.227
0.215
0.16
0.169
0.16
0.16
0.16
0.16
0.16
0.16
0.16
0.304
0.312
0.357
0.611
0.479
0.16
0.16
0.16
0.16
0.16
0.16
0.16
0.26
0.212
0.16
0.16
0.16
0.172
0.16
0.16
0.172
0.172
0.172
0.16
0.512
0.58
0.744
0.547
0.224
0.16
0.16
0.16
0.16
0.16
0.16
0.16
0.18
0.16
0.18
0.16
0.16
0.16
0.16
0.16
0.21
0.22
0.21
0.518
0.483
0.566
0.584
0.745
0.723
0.16
0.249
0.16
0.16
0.16
0.16
0.16
0.204
0.18
0.16
0.16
0.16
0.16
0.16
0.181
0.204
0.181
0.22
0.16
0.241
0.488
0.32
0.195
0.315
0.16
0.16
0.16
0.16
0.16
0.16
0.16
0.16
0.16
0.16
0.16
0.16
0.16
0.16
0.16
0.16
0.16
0.16
0.21
0.374
0.366
0.508
0.454
0.467
0.16
0.16
0.16
0.16
0.16
0.16
0.16
0.235
0.16
0.16
0.16
0.16
0.16
0.172
0.16
0.16
0.16
0.16
0.222
0.326
0.532
0.465
0.379
0.172
0.16
0.384
0.16
0.16
0.22
0.347
0.16
0.18
0.16
0.28
0.269
0.24
0.16
0.172
0.172
0.16
0.16
0.16
0.16
0.26
0.476
0.545
0.501
0.381
0.16
0.16
0.16
0.16
0.16
0.181
0.324
0.48
0.401
0.16
0.16
0.16
0.22
0.16
0.18
0.22
0.169
0.16
0.255
0.566
0.567
0.42
0.646
0.315
0.16
0.16
0.16
0.16
0.16
0.16
0.16
0.16
0.169
0.229
0.32
0.16
0.16
0.172
0.16
0.16
0.16
0.172
0.215
0.593
0.691
0.402
0.553
0.261
0.16
0.16
0.16
0.16
0.16
0.16
0.16
0.16
0.16
0.195
0.16
0.16
0.16
0.16
0.16
0.16
0.16
0.212
0.16
0.484
0.558
0.574
0.616
0.46
0.18
0.16
0.16
0.16
0.16
0.192
0.16
0.428
0.404
0.304
0.192
0.16
0.195
0.16
0.2
0.16
0.172
0.222
0.293
0.799
0.466
0.488
0.396
0.552
0.16
0.16
0.16
0.16
0.192
0.444
0.16
0.16
0.2
0.16
0.16
0.16
0.172
0.26
0.16
0.16
0.16
0.16
0.16
0.2
0.292
0.216
0.448
0.43
0.16
0.16
0.16
0.16
0.16
0.16
0.16
0.2
0.2
0.16
0.16
0.16
0.16
0.16
0.16
0.16
0.172
0.172
0.16
0.414
0.551
0.723
0.86
0.706
0.169
0.16
0.16
0.16
0.16
0.16
0.16
0.16
0.232
0.16
0.22
0.16
0.22
0.22
0.22
0.22
0.16
0.16
0.492
0.419
0.244
0.306
0.59
0.426
0.16
0.16
0.16
0.24
0.16
0.16
0.16
0.16
0.31
0.21
0.21
0.21
0.16
0.16
0.16
0.16
0.16
0.22
0.22
0.342
0.477
0.744
0.529
0.409
0.16
0.16
0.16
0.16
0.16
0.16
0.16
0.16
0.16
0.16
0.16
0.16
0.21
0.16
0.16
0.22
0.232
0.16
0.16
0.192
0.257
0.317
0.321
0.252
0.16
0.16
0.16
0.16
0.16
0.232
0.267
0.207
0.172
0.16
0.16
0.16
0.172
0.172
0.172
0.16
0.16
0.16
0.317
0.546
0.456
0.777
0.532
0.607
0.16
0.192
0.16
0.16
0.16
0.16
0.16
0.16
0.16
0.16
0.16
0.172
0.16
0.16
0.16
0.16
0.16
0.16
0.16
0.505
0.388
0.5
0.748
0.474
0.16
0.184
0.16
0.16
0.16
0.16
0.16
0.22
0.172
0.172
0.16
0.16
0.22
0.16
0.16
0.172
0.184
0.172
0.391
0.473
0.498
0.365
0.412
0.376
0.16
0.362
0.16
0.16
0.16
0.16
0.16
0.16
0.16
0.16
0.16
0.16
0.16
0.16
0.16
0.16
0.16
0.16
0.172
0.387
0.374
0.387
0.375
0.335
0.16
0.16
0.16
0.16
0.23
0.16
0.21
0.252
0.232
0.242
0.172
0.16
0.16
0.16
0.22
0.16
0.16
0.16
0.423
0.38
0.405
0.455
0.545
0.243
0.16
0.16
0.16
0.16
0.16
0.16
0.16
0.172
0.16
0.22
0.28
0.28
0.22
0.16
0.21
0.222
0.294
0.172
0.239
0.37
0.382
0.42
0.365
0.293
0.16
0.16
0.16
0.16
0.16
0.16
0.16
0.229
0.269
0.16
0.16
0.16
0.172
0.16
0.16
0.16
0.16
0.16
0.16
0.5
0.58
0.639
0.565
0.572
0.16
0.24
0.16
0.16
0.16
0.16
0.16
0.232
0.16
0.16
0.184
0.16
0.16
0.16
0.16
0.169
0.172
0.16
0.16
0.284
0.307
0.476
0.552
0.615
0.16
0.37
0.16
0.16
0.16
0.16
0.22
0.392
0.22
0.16
0.16
0.2
0.16
0.16
0.172
0.172
0.16
0.16
0.16
0.439
0.339
0.36
0.421
0.323
0.16
0.16
0.16
0.16
0.16
0.16
0.227
0.275
0.16
0.16
0.16
0.16
0.16
0.16
0.18
0.222
0.172
0.16
0.22
0.381
0.432
0.332
0.244
0.169
0.16
0.35
0.16
0.16
0.16
0.16
0.16
0.16
0.16
0.16
0.16
0.16
0.16
0.16
0.16
0.16
0.16
0.172
0.22
0.364
0.462
0.462
0.419
0.479
0.16
0.16
0.16
0.16
0.16
0.16
0.181
0.292
0.28
0.16
0.16
0.16
0.16
0.169
0.28
0.22
0.229
0.16
0.16
0.335
0.563
0.733
0.437
0.634
0.16
0.16
0.252
0.16
0.292
0.16
0.16
0.557
0.332
0.16
0.16
0.172
0.16
0.16
0.16
0.16
0.16
0.16
0.16
0.184
0.192
0.246
0.428
0.294
0.16
0.16
0.16
0.16
0.16
0.16
0.16
0.212
0.16
0.16
0.16
0.172
0.172
0.209
0.2
0.212
0.195
0.24
0.352
0.533
0.48
0.432
0.49
0.267
0.16
0.16
0.16
0.18
0.16
0.16
0.16
0.241
0.22
0.22
0.22
0.16
0.22
0.2
0.2
0.2
0.16
0.16
0.404
0.484
0.304
0.473
0.16
0.16
0.16
0.16
0.16
0.16
0.16
0.16
0.22
0.307
0.232
0.16
0.2
0.16
0.16
0.16
0.16
0.16
0.172
0.22
0.16
0.255
0.546
0.473
0.7
0.553
0.16
0.16
0.16
0.16
0.16
0.16
0.16
0.207
0.16
0.16
0.18
0.16
0.16
0.16
0.16
0.16
0.16
0.172
0.16
0.287
0.355
0.563
0.48
0.416
0.16
0.267
0.16
0.16
0.16
0.16
0.28
0.16
0.16
0.169
0.22
0.16
0.16
0.16
0.16
0.195
0.172
0.172
0.16
0.33
0.409
0.361
0.653
0.546
0.16
0.16
0.16
0.16
0.16
0.16
0.16
0.172
0.16
0.16
0.16
0.16
0.16
0.16
0.16
0.16
0.16
0.16
0.16
0.172
0.16
0.201
0.251
0.236
0.16
0.16
0.16
0.16
0.16
0.16
0.16
0.16
0.16
0.16
0.16
0.16
0.16
0.22
0.172
0.172
0.16
0.16
0.16
0.18
0.661
0.8
0.748
0.637
0.16
0.16
0.16
0.16
0.16
0.16
0.467
0.16
0.16
0.26
0.16
0.22
0.22
0.16
0.22
0.16
0.207
0.16
0.16
0.375
0.446
0.472
0.474
0.249
0.16
0.16
0.16
0.16
0.16
0.172
0.189
0.18
0.16
0.169
0.16
0.16
0.16
0.16
0.16
0.16
0.16
0.21
0.21
0.389
0.375
0.731
0.533
0.275
0.16
0.16
0.16
0.16
0.16
0.16
0.16
0.16
0.16
0.172
0.16
0.22
0.16
0.16
0.192
0.16
0.18
0.212
0.331
0.637
0.582
0.881
0.496
0.436
0.16
0.21
0.16
0.16
0.16
0.16
0.16
0.16
0.16
0.16
0.16
0.18
0.22
0.277
0.265
0.265
0.195
0.16
0.16
0.447
0.581
0.465
0.419
0.16
0.16
0.212
0.16
0.16
0.16
0.16
0.16
0.251
0.261
0.18
0.18
0.16
0.172
0.207
0.18
0.16
0.227
0.207
0.16
0.172
0.219
0.379
0.296
0.293
0.172
0.16
0.16
0.16
0.16
0.16
0.2
0.16
0.16
0.16
0.16
0.21
0.16
0.26
0.16
0.16
0.16
0.16
0.16
0.16
0.344
0.643
0.602
0.58
0.16
0.16
0.16
0.16
0.16
0.16
0.246
0.207
0.16
0.16
0.16
0.16
0.16
0.16
0.16
0.16
0.18
0.215
0.215
0.235
0.525
0.626
0.634
0.366
0.16
0.27
0.16
0.16
0.16
0.16
0.16
0.16
0.16
0.22
0.16
0.22
0.16
0.192
0.16
0.16
0.232
0.2
0.16
0.16
0.606
0.314
0.55
0.556
0.16
0.16
0.16
0.16
0.16
0.16
0.204
0.16
0.16
0.16
0.16
0.16
0.16
0.16
0.16
0.16
0.18
0.16
0.16
0.506
0.625
0.641
0.709
0.6
0.172
0.16
0.16
0.16
0.16
0.16
0.16
0.16
0.16
0.22
0.16
0.16
0.16
0.16
0.16
0.16
0.16
0.16
0.16
0.16
0.486
0.692
0.555
0.16
0.16
0.16
0.16
0.16
0.16
0.16
0.16
0.16
0.16
0.26
0.22
0.21
0.16
0.22
0.22
0.16
0.16
0.172
0.16
0.181
0.442
0.282
0.454
0.362
0.16
0.16
0.16
0.31
0.16
0.16
0.16
0.16
0.16
0.16
0.16
0.16
0.16
0.16
0.16
0.16
0.16
0.16
0.169
0.172
0.347
0.284
0.423
0.296
0.16
0.16
0.16
0.16
0.16
0.16
0.16
0.16
0.18
0.16
0.16
0.16
0.16
0.18
0.22
0.22
0.22
0.16
0.16
0.18
0.395
0.534
0.691
0.549
0.16
0.16
0.16
0.16
0.16
0.16
0.244
0.172
0.16
0.16
0.16
0.172
0.172
0.16
0.16
0.16
0.16
0.16
0.169
0.2
0.34
0.484
0.364
0.292
0.16
0.16
0.16
0.16
0.172
0.172
0.232
0.22
0.16
0.16
0.172
0.172
0.16
0.24
0.18
0.18
0.16
0.16
0.22
0.16
0.38
0.425
0.435
0.304
0.16
0.16
0.16
0.16
0.16
0.16
0.16
0.16
0.16
0.16
0.18
0.16
0.16
0.16
0.18
0.16
0.16
0.16
0.16
0.172
0.285
0.638
0.382
0.16
0.16
0.16
0.16
0.16
0.16
0.16
0.16
0.16
0.22
0.16
0.22
0.28
0.172
0.16
0.16
0.172
0.184
0.184
0.172
0.444
0.472
0.334
0.412
0.324
0.16
0.16
0.16
0.16
0.16
0.16
0.16
0.16
0.16
0.16
0.16
0.16
0.16
0.16
0.16
0.16
0.16
0.232
0.172
0.232
0.341
0.425
0.336
0.386
0.16
0.16
0.16
0.16
0.16
0.16
0.16
0.32
0.16
0.16
0.26
0.32
0.16
0.16
0.16
0.16
0.16
0.172
0.172
0.22
0.22
0.347
0.342
0.16
0.16
0.16
0.16
0.16
0.16
0.16
0.215
0.27
0.22
0.22
0.16
0.16
0.16
0.18
0.18
0.18
0.16
0.16
0.16
0.494
1.044
0.619
0.29
0.345
0.16
0.16
0.16
0.16
0.16
0.16
0.16
0.16
0.16
0.16
0.16
0.16
0.207
0.207
0.16
0.16
0.2
0.172
0.16
0.16
0.22
0.452
0.381
0.378
0.16
0.195
0.16
0.16
0.16
0.16
0.16
0.16
0.16
0.16
0.22
0.16
0.172
0.172
0.16
0.22
0.22
0.22
0.16
0.172
0.26
0.458
0.398
0.336
0.16
0.16
0.16
0.16
0.16
0.16
0.16
0.16
0.172
0.22
0.16
0.169
0.16
0.16
0.16
0.16
0.16
0.16
0.16
0.16
0.314
0.634
0.673
0.324
0.16
0.16
0.16
0.16
0.16
0.16
0.16
0.16
0.172
0.172
0.16
0.16
0.16
0.16
0.16
0.16
0.18
0.18
0.18
0.527
0.562
0.381
0.372
0.16
0.16
0.16
0.16
0.16
0.16
0.16
0.16
0.16
0.16
0.16
0.16
0.16
0.16
0.172
0.195
0.195
0.195
0.195
0.16
0.16
0.333
0.384
0.409
0.16
0.16
0.16
0.16
0.16
0.16
0.16
0.276
0.2
0.255
0.16
0.18
0.16
0.16
0.16
0.16
0.16
0.16
0.16
0.16
0.18
0.542
0.539
0.859
0.324
0.16
0.16
0.16
0.16
0.16
0.16
0.16
0.16
0.16
0.16
0.16
0.16
0.16
0.16
0.16
0.16
0.16
0.16
0.18
0.22
0.332
0.28
0.2
0.16
0.16
0.16
0.16
0.172
0.3
0.16
0.16
0.16
0.16
0.22
0.16
0.16
0.16
0.16
0.18
0.252
0.2
0.189
0.18
0.16
0.322
0.738
0.511
0.16
0.16
0.16
0.16
0.16
0.16
0.16
0.16
0.22
0.16
0.16
0.16
0.16
0.16
0.16
0.16
0.16
0.16
0.16
0.16
0.16
0.232
0.414
0.345
0.16
0.16
0.16
0.16
0.16
0.16
0.16
0.16
0.22
0.16
0.16
0.16
0.16
0.18
0.16
0.16
0.16
0.16
0.16
0.16
0.16
0.652
0.431
0.566
0.324
0.16
0.16
0.16
0.16
0.16
0.16
0.16
0.16
0.16
0.16
0.16
0.172
0.16
0.16
0.16
0.16
0.16
0.172
0.16
0.16
0.332
0.292
0.241
0.33
0.16
0.16
0.16
0.16
0.16
0.16
0.16
0.16
0.16
0.16
0.16
0.16
0.16
0.16
0.22
0.32
0.16
0.16
0.16
0.27
0.385
0.442
0.391
0.22
0.16
0.16
0.16
0.16
0.16
0.16
0.16
0.195
0.22
0.22
0.22
0.16
0.16
0.16
0.16
0.16
0.16
0.16
0.16
0.16
0.323
0.456
0.724
0.551
0.16
0.16
0.16
0.16
0.16
0.16
0.16
0.16
0.16
0.16
0.16
0.16
0.16
0.16
0.16
0.16
0.18
0.16
0.16
0.16
0.383
0.359
0.353
0.269
0.16
0.16
0.16
0.16
0.16
0.18
0.16
0.172
0.16
0.16
0.16
0.16
0.16
0.16
0.16
0.16
0.16
0.16
0.18
0.593
0.656
0.662
0.349
0.398
0.2
0.27
0.16
0.16
0.16
0.16
0.16
0.172
0.16
0.16
0.16
0.16
0.16
0.16
0.16
0.2
0.16
0.16
0.16
0.268
0.196
0.324
0.275
0.16
0.16
0.16
0.16
0.16
0.16
0.16
0.16
0.16
0.16
0.16
0.16
0.16
0.16
0.16
0.16
0.16
0.16
0.16
0.16
0.16
0.459
0.62
0.416
0.363
0.22
0.16
0.16
0.16
0.16
0.26
0.16
0.26
0.16
0.16
0.16
0.16
0.172
0.26
0.16
0.16
0.16
0.18
0.16
0.172
0.267
0.508
0.435
0.405
0.22
0.16
0.16
0.16
0.16
0.16
0.16
0.16
0.16
0.16
0.22
0.181
0.16
0.189
0.16
0.22
0.16
0.16
0.172
0.16
0.244
0.244
0.16
0.376
0.16
0.16
0.16
0.16
0.16
0.16
0.16
0.16
0.18
0.28
0.255
0.255
0.315
0.255
0.22
0.44
0.16
0.172
0.232
0.16
0.16
0.34
0.558
0.329
0.16
0.16
0.16
0.16
0.16
0.16
0.16
0.16
0.16
0.16
0.16
0.16
0.16
0.16
0.16
0.16
0.16
0.16
0.16
0.16
0.289
0.328
0.519
0.181
0.16
0.16
0.16
0.16
0.16
0.16
0.16
0.16
0.16
0.22
0.22
0.16
0.16
0.16
0.16
0.16
0.21
0.16
0.232
0.16
0.398
0.679
0.508
0.323
0.16
0.16
0.16
0.16
0.16
0.16
0.16
0.172
0.16
0.16
0.16
0.169
0.16
0.16
0.16
0.169
0.169
0.16
0.22
0.21
0.611
0.579
0.555
0.401
0.16
0.16
0.16
0.16
0.16
0.16
0.16
0.16
0.3
0.16
0.172
0.16
0.172
0.184
0.234
0.16
0.16
0.172
0.16
0.229
0.454
0.586
0.229
0.172
0.16
0.16
0.16
0.16
0.16
0.16
0.16
0.16
0.16
0.21
0.27
0.21
0.16
0.229
0.28
0.22
0.16
0.18
0.16
0.22
0.389
0.551
0.662
0.289
0.16
0.16
0.16
0.16
0.16
0.16
0.172
0.16
0.22
0.22
0.16
0.16
0.26
0.16
0.2
0.16
0.18
0.172
0.16
0.16
0.392
0.3
0.598
0.367
0.16
0.282
0.16
0.222
0.16
0.39
0.352
0.37
0.22
0.16
0.16
0.21
0.16
0.195
0.195
0.195
0.195
0.16
0.2
0.424
0.633
0.763
0.531
0.475
0.16
0.16
0.16
0.16
0.16
0.16
0.39
0.22
0.16
0.18
0.16
0.16
0.16
0.16
0.16
0.16
0.172
0.232
0.184
0.18
0.504
0.646
0.647
0.268
0.195
0.315
0.16
0.16
0.16
0.16
0.16
0.16
0.16
0.16
0.16
0.16
0.16
0.16
0.16
0.16
0.26
0.16
0.22
0.16
0.219
0.515
0.436
0.365
0.16
0.16
0.16
0.16
0.16
0.16
0.16
0.172
0.184
0.232
0.16
0.16
0.172
0.16
0.16
0.272
0.16
0.16
0.22
0.26
0.469
0.461
0.643
0.48
0.16
0.16
0.16
0.16
0.16
0.16
0.16
0.16
0.26
0.38
0.22
0.16
0.16
0.16
0.16
0.16
0.16
0.21
0.25
0.21
0.349
0.517
0.304
0.596
0.16
0.16
0.16
0.22
0.16
0.16
0.16
0.16
0.16
0.16
0.16
0.16
0.16
0.21
0.21
0.16
0.16
0.16
0.16
0.16
0.452
0.27
0.572
0.461
0.16
0.181
0.16
0.16
0.16
0.16
0.16
0.16
0.16
0.16
0.26
0.16
0.172
0.28
0.28
0.364
0.184
0.26
0.22
0.24
0.389
0.694
0.815
0.419
0.16
0.16
0.16
0.16
0.16
0.28
0.16
0.16
0.16
0.16
0.16
0.16
0.16
0.16
0.172
0.16
0.22
0.16
0.24
0.16
0.384
0.616
0.639
0.555
0.16
0.16
0.16
0.16
0.16
0.16
0.16
0.16
0.16
0.16
0.22
0.22
0.16
0.16
0.16
0.16
0.16
0.22
0.16
0.219
0.232
0.563
0.28
0.16
0.16
0.404
0.16
0.16
0.16
0.16
0.16
0.241
0.16
0.16
0.16
0.16
0.16
0.16
0.21
0.16
0.16
0.23
0.28
0.24
0.475
0.364
0.472
0.16
0.16
0.16
0.16
0.16
0.16
0.16
0.16
0.192
0.16
0.16
0.16
0.16
0.16
0.22
0.22
0.22
0.22
0.16
0.16
0.272
0.424
0.516
0.514
0.28
0.16
0.16
0.16
0.16
0.16
0.252
0.16
0.16
0.16
0.16
0.16
0.16
0.16
0.16
0.16
0.16
0.172
0.16
0.16
0.16
0.516
0.667
0.424
0.372
0.16
0.16
0.16
0.16
0.16
0.16
0.16
0.16
0.16
0.232
0.16
0.16
0.16
0.172
0.16
0.16
0.16
0.16
0.22
0.16
0.539
0.547
0.416
0.409
0.16
0.16
0.16
0.16
0.16
0.16
0.172
0.287
0.18
0.18
0.18
0.24
0.18
0.16
0.16
0.16
0.16
0.16
0.192
0.312
0.704
0.608
0.479
0.344
0.16
0.16
0.16
0.172
0.16
0.16
0.16
0.16
0.16
0.16
0.169
0.16
0.16
0.2
0.16
0.16
0.16
0.16
0.172
0.307
0.495
0.671
0.523
0.513
0.16
0.16
0.16
0.16
0.16
0.16
0.16
0.16
0.255
0.16
0.16
0.22
0.169
0.16
0.16
0.16
0.16
0.169
0.169
0.169
0.403
0.279
0.329
0.16
0.16
0.16
0.16
0.16
0.16
0.16
0.16
0.16
0.16
0.195
0.16
0.16
0.16
0.16
0.16
0.16
0.16
0.16
0.16
0.26
0.269
0.463
0.743
0.372
0.16
0.16
0.16
0.16
0.16
0.16
0.22
0.16
0.32
0.18
0.16
0.16
0.16
0.172
0.292
0.172
0.172
0.16
0.172
0.184
0.26
0.327
0.282
0.16
0.16
0.16
0.16
0.16
0.16
0.16
0.16
0.26
0.22
0.16
0.16
0.16
0.16
0.16
0.16
0.16
0.16
0.16
0.16
0.22
0.473
0.659
0.545
0.437
0.16
0.16
0.16
0.16
0.16
0.16
0.16
0.16
0.16
0.16
0.16
0.16
0.16
0.16
0.16
0.16
0.16
0.21
0.16
0.26
0.32
0.346
0.292
0.364
0.16
0.16
0.16
0.16
0.16
0.18
0.24
0.21
0.169
0.16
0.16
0.22
0.16
0.16
0.2
0.18
0.16
0.169
0.16
0.34
0.573
0.668
0.511
0.304
0.16
0.28
0.16
0.16
0.16
0.16
0.16
0.16
0.16
0.16
0.16
0.16
0.16
0.16
0.16
0.16
0.16
0.16
0.16
0.519
0.503
0.705
0.553
0.462
0.16
0.22
0.16
0.16
0.16
0.16
0.16
0.16
0.22
0.16
0.16
0.172
0.16
0.26
0.26
0.26
0.26
0.18
0.18
0.329
0.352
0.413
0.256
0.16
0.16
0.16
0.16
0.16
0.16
0.16
0.16
0.16
0.16
0.16
0.16
0.16
0.16
0.16
0.16
0.16
0.22
0.16
0.16
0.16
0.572
0.66
0.58
0.611
0.16
0.16
0.16
0.16
0.16
0.16
0.16
0.16
0.16
0.16
0.16
0.272
0.16
0.16
0.16
0.16
0.22
0.16
0.16
0.281
0.38
0.809
0.547
0.364
0.16
0.16
0.16
0.16
0.16
0.16
0.16
0.292
0.22
0.16
0.16
0.16
0.16
0.16
0.16
0.16
0.22
0.16
0.16
0.169
0.684
0.674
0.946
0.16
0.16
0.16
0.16
0.16
0.16
0.16
0.16
0.16
0.16
0.16
0.16
0.169
0.172
0.22
0.16
0.16
0.16
0.16
0.377
0.391
0.338
0.354
0.338
0.336
0.16
0.16
0.16
0.16
0.16
0.16
0.16
0.16
0.16
0.16
0.16
0.22
0.22
0.22
0.16
0.16
0.16
0.16
0.16
0.16
0.452
0.512
0.244
0.16
0.16
0.16
0.16
0.376
0.16
0.16
0.18
0.16
0.16
0.16
0.16
0.16
0.16
0.16
0.16
0.16
0.21
0.16
0.16
0.16
0.172
0.401
0.337
0.279
0.16
0.16
0.16
0.16
0.16
0.272
0.22
0.16
0.16
0.16
0.16
0.18
0.16
0.16
0.16
0.172
0.16
0.172
0.16
0.16
0.281
0.33
0.384
0.412
0.16
0.16
0.22
0.16
0.16
0.16
0.16
0.16
0.22
0.16
0.16
0.172
0.332
0.244
0.16
0.16
0.16
0.16
0.16
0.16
0.543
0.544
0.439
0.347
0.16
0.16
0.16
0.16
0.16
0.16
0.16
0.16
0.26
0.16
0.16
0.16
0.16
0.16
0.18
0.16
0.16
0.16
0.16
0.195
0.452
0.596
0.542
0.295
0.16
0.16
0.16
0.16
0.16
0.16
0.22
0.21
0.21
0.16
0.16
0.16
0.16
0.234
0.16
0.172
0.172
0.16
0.172
0.515
0.483
0.344
0.16
0.16
0.16
0.16
0.16
0.16
0.16
0.16
0.16
0.195
0.227
0.195
0.16
0.16
0.16
0.16
0.16
0.16
0.16
0.16
0.2
0.47
0.304
0.461
0.481
0.315
0.16
0.24
0.16
0.16
0.16
0.16
0.16
0.16
0.16
0.172
0.16
0.16
0.16
0.16
0.26
0.172
0.172
0.172
0.232
0.22
0.619
0.785
0.252
0.26
0.16
0.16
0.16
0.16
0.16
0.28
0.33
0.16
0.16
0.16
0.16
0.16
0.16
0.16
0.16
0.16
0.16
0.24
0.16
0.16
0.434
0.581
0.564
0.16
0.16
0.16
0.16
0.16
0.16
0.16
0.16
0.374
0.172
0.2
0.16
0.22
0.22
0.16
0.16
0.16
0.16
0.16
0.16
0.16
0.459
0.508
0.47
0.22
0.16
0.16
0.16
0.16
0.16
0.16
0.22
0.22
0.22
0.16
0.16
0.22
0.18
0.18
0.16
0.16
0.16
0.22
0.16
0.172
0.236
0.367
0.233
0.388
0.16
0.16
0.16
0.16
0.16
0.16
0.16
0.16
0.16
0.16
0.16
0.22
0.16
0.16
0.16
0.16
0.16
0.16
0.16
0.22
0.603
0.604
0.474
0.16
0.16
0.16
0.16
0.16
0.16
0.16
0.16
0.16
0.16
0.195
0.16
0.16
0.16
0.16
0.16
0.16
0.22
0.22
0.22
0.232
0.5
0.56
0.735
0.16
0.16
0.16
0.16
0.16
0.16
0.16
0.16
0.16
0.16
0.16
0.16
0.22
0.22
0.2
0.16
0.16
0.232
0.172
0.172
0.172
0.488
0.681
0.541
0.69
0.16
0.332
0.16
0.16
0.16
0.16
0.16
0.2
0.16
0.16
0.16
0.16
0.16
0.16
0.16
0.16
0.16
0.16
0.22
0.4
0.442
0.577
0.548
0.172
0.16
0.16
0.16
0.16
0.16
0.16
0.16
0.221
0.172
0.16
0.16
0.16
0.16
0.16
0.16
0.16
0.22
0.22
0.16
0.16
0.71
0.82
0.828
0.647
0.16
0.16
0.16
0.16
0.16
0.16
0.16
0.16
0.16
0.16
0.16
0.16
0.16
0.16
0.16
0.16
0.16
0.16
0.232
0.382
0.433
0.294
0.18
0.38
0.16
0.16
0.16
0.16
0.16
0.16
0.16
0.16
0.16
0.22
0.16
0.16
0.172
0.16
0.16
0.16
0.16
0.16
0.22
0.267
0.463
0.396
0.44
0.352
0.16
0.16
0.16
0.16
0.16
0.16
0.21
0.22
0.22
0.22
0.22
0.22
0.16
0.16
0.16
0.21
0.16
0.169
0.16
0.295
0.512
0.616
0.44
0.341
0.16
0.16
0.16
0.16
0.16
0.16
0.16
0.16
0.16
0.16
0.18
0.192
0.16
0.16
0.16
0.16
0.16
0.16
0.172
0.209
0.493
0.674
0.525
0.331
0.16
0.16
0.16
0.16
0.22
0.4
0.16
0.16
0.22
0.16
0.169
0.16
0.16
0.16
0.16
0.16
0.16
0.32
0.272
0.332
0.51
0.49
0.571
0.16
0.16
0.16
0.16
0.16
0.16
0.16
0.16
0.16
0.16
0.2
0.2
0.2
0.2
0.16
0.172
0.212
0.16
0.16
0.36
0.396
0.401
0.423
0.427
0.402
0.16
0.16
0.16
0.16
0.16
0.16
0.16
0.16
0.16
0.16
0.184
0.18
0.16
0.16
0.16
0.16
0.16
0.16
0.16
0.294
0.574
0.804
0.604
0.192
0.16
0.16
0.16
0.16
0.22
0.34
0.28
0.22
0.22
0.16
0.16
0.16
0.16
0.16
0.16
0.16
0.16
0.16
0.16
0.16
0.41
0.874
0.474
0.35
0.16
0.16
0.16
0.16
0.16
0.16
0.195
0.169
0.229
0.16
0.289
0.38
0.415
0.16
0.16
0.16
0.16
0.16
0.16
0.507
0.446
0.326
0.406
0.34
0.16
0.16
0.16
0.16
0.16
0.16
0.16
0.16
0.16
0.16
0.209
0.2
0.24
0.16
0.16
0.16
0.16
0.16
0.16
0.16
0.26
0.344
0.367
0.172
0.16
0.16
0.16
0.16
0.16
0.232
0.224
0.172
0.16
0.16
0.192
0.16
0.22
0.22
0.16
0.16
0.16
0.16
0.16
0.32
0.181
0.505
0.219
0.251
0.16
0.16
0.16
0.16
0.16
0.16
0.16
0.16
0.16
0.16
0.18
0.22
0.22
0.16
0.16
0.16
0.16
0.16
0.22
0.578
0.481
0.592
0.562
0.362
0.16
0.16
0.16
0.16
0.16
0.16
0.16
0.16
0.16
0.16
0.16
0.22
0.22
0.16
0.27
0.172
0.195
0.295
0.295
0.332
0.737
0.636
0.34
0.422
0.18
0.192
0.16
0.16
0.16
0.34
0.425
0.272
0.16
0.16
0.16
0.16
0.16
0.16
0.16
0.16
0.16
0.16
0.16
0.409
0.637
0.28
0.382
0.335
0.16
0.16
0.16
0.16
0.16
0.16
0.16
0.282
0.26
0.22
0.16
0.16
0.16
0.2
0.16
0.16
0.172
0.172
0.304
0.496
0.666
0.485
0.68
0.232
0.16
0.16
0.16
0.16
0.16
0.16
0.16
0.16
0.16
0.16
0.18
0.16
0.22
0.22
0.22
0.16
0.16
0.16
0.16
0.284
0.614
0.572
0.536
0.371
0.16
0.16
0.16
0.16
0.16
0.16
0.192
0.36
0.16
0.16
0.16
0.16
0.16
0.22
0.22
0.22
0.16
0.16
0.16
0.22
0.352
0.439
0.507
0.485
0.16
0.16
0.16
0.16
0.16
0.16
0.16
0.26
0.16
0.16
0.16
0.16
0.16
0.16
0.16
0.16
0.16
0.16
0.215
0.328
0.649
0.524
0.571
0.267
0.16
0.16
0.16
0.16
0.16
0.16
0.16
0.16
0.16
0.26
0.16
0.16
0.16
0.172
0.26
0.22
0.16
0.172
0.406
0.558
0.75
0.415
0.308
0.548
0.16
0.18
0.16
0.16
0.16
0.16
0.16
0.16
0.16
0.16
0.16
0.16
0.16
0.16
0.16
0.16
0.16
0.172
0.16
0.327
0.512
0.402
0.396
0.264
0.16
0.16
0.16
0.16
0.16
0.16
0.16
0.22
0.22
0.16
0.22
0.16
0.16
0.16
0.18
0.16
0.16
0.16
0.16
0.402
0.726
0.619
0.774
0.773
0.16
0.16
0.16
0.16
0.16
0.222
0.22
0.22
0.16
0.16
0.16
0.16
0.16
0.18
0.16
0.22
0.22
0.22
0.22
0.287
0.445
0.445
0.656
0.462
0.16
0.16
0.16
0.16
0.16
0.16
0.16
0.16
0.16
0.16
0.16
0.16
0.16
0.16
0.16
0.18
0.219
0.16
0.207
0.323
0.464
0.561
0.551
0.693
0.16
0.16
0.16
0.16
0.16
0.16
0.16
0.16
0.18
0.18
0.2
0.2
0.16
0.16
0.16
0.23
0.27
0.21
0.27
0.269
0.625
0.889
0.867
0.492
0.16
0.16
0.16
0.16
0.16
0.16
0.16
0.16
0.24
0.16
0.16
0.16
0.16
0.16
0.16
0.16
0.18
0.16
0.16
0.352
0.391
0.552
0.713
0.486
0.16
0.16
0.16
0.16
0.16
0.169
0.16
0.16
0.16
0.16
0.18
0.18
0.22
0.16
0.16
0.16
0.16
0.195
0.195
0.446
0.539
0.358
0.302
0.314
0.16
0.16
0.16
0.16
0.16
0.16
0.16
0.22
0.16
0.252
0.24
0.24
0.28
0.172
0.16
0.22
0.16
0.16
0.16
0.492
0.58
0.519
0.433
0.201
0.16
0.16
0.16
0.16
0.16
0.16
0.16
0.16
0.22
0.16
0.16
0.172
0.16
0.16
0.16
0.16
0.18
0.16
0.21
0.27
0.545
0.336
0.556
0.329
0.16
0.16
0.16
0.18
0.264
0.16
0.16
0.16
0.172
0.16
0.172
0.16
0.16
0.16
0.16
0.16
0.16
0.16
0.2
0.539
0.668
1.023
0.866
0.16
0.16
0.16
0.16
0.16
0.16
0.16
0.16
0.18
0.16
0.16
0.16
0.16
0.16
0.16
0.172
0.172
0.16
0.16
0.2
0.232
0.289
0.332
0.16
0.16
0.16
0.16
0.16
0.16
0.16
0.16
0.16
0.301
0.229
0.204
0.195
0.16
0.16
0.16
0.16
0.16
0.209
0.16
0.16
0.328
0.811
0.5
0.566
0.16
0.16
0.229
0.16
0.16
0.16
0.28
0.16
0.22
0.26
0.2
0.16
0.172
0.172
0.172
0.172
0.16
0.16
0.16
0.16
0.229
0.244
0.204
0.362
0.33
0.16
0.16
0.16
0.16
0.16
0.16
0.16
0.16
0.26
0.16
0.16
0.16
0.232
0.22
0.16
0.172
0.181
0.16
0.367
0.224
0.52
0.496
0.332
0.341
0.16
0.317
0.16
0.16
0.16
0.16
0.16
0.22
0.16
0.16
0.172
0.172
0.22
0.16
0.16
0.22
0.25
0.2
0.16
0.16
0.24
0.469
0.522
0.34
0.16
0.16
0.16
0.16
0.16
0.16
0.16
0.172
0.172
0.172
0.16
0.16
0.16
0.16
0.16
0.16
0.16
0.16
0.16
0.695
0.677
0.704
0.562
0.49
0.16
0.16
0.16
0.38
0.16
0.16
0.16
0.232
0.172
0.172
0.16
0.172
0.18
0.18
0.16
0.16
0.16
0.2
0.18
0.447
0.651
0.884
0.852
0.568
0.16
0.22
0.219
0.16
0.172
0.172
0.38
0.16
0.18
0.16
0.16
0.16
0.169
0.16
0.16
0.16
0.16
0.21
0.21
0.474
0.552
0.552
0.887
0.332
0.16
0.16
0.16
0.16
0.16
0.16
0.16
0.467
0.22
0.26
0.22
0.16
0.16
0.16
0.169
0.16
0.172
0.16
0.16
0.251
0.408
0.633
0.347
0.317
0.16
0.16
0.16
0.16
0.16
0.16
0.374
0.415
0.207
0.16
0.16
0.16
0.16
0.16
0.16
0.16
0.16
0.16
0.265
0.63
0.364
0.292
0.28
0.544
0.16
0.16
0.16
0.16
0.16
0.16
0.16
0.16
0.16
0.2
0.16
0.16
0.16
0.16
0.16
0.16
0.16
0.16
0.32
0.205
0.384
0.454
0.334
0.16
0.16
0.16
0.16
0.16
0.16
0.16
0.16
0.22
0.16
0.16
0.16
0.26
0.16
0.16
0.16
0.16
0.16
0.16
0.16
0.434
0.304
0.379
0.339
0.16
0.16
0.16
0.16
0.16
0.16
0.16
0.29
0.479
0.26
0.16
0.16
0.16
0.16
0.16
0.16
0.16
0.16
0.16
0.19
0.452
0.514
0.493
0.641
0.452
0.16
0.16
0.16
0.16
0.16
0.16
0.16
0.232
0.22
0.16
0.16
0.16
0.16
0.16
0.195
0.195
0.235
0.2
0.336
0.467
0.284
0.456
0.484
0.435
0.16
0.34
0.16
0.16
0.16
0.32
0.49
0.707
0.22
0.16
0.16
0.16
0.16
0.16
0.172
0.16
0.16
0.272
0.371
0.516
0.701
0.579
0.894
0.467
0.16
0.232
0.16
0.16
0.16
0.16
0.22
0.414
0.18
0.16
0.16
0.16
0.16
0.16
0.16
0.16
0.195
0.195
0.537
0.472
0.814
0.631
0.393
0.224
0.16
0.16
0.16
0.16
0.16
0.16
0.422
0.247
0.247
0.207
0.207
0.195
0.16
0.16
0.16
0.16
0.16
0.22
0.22
0.487
0.499
0.492
0.27
0.16
0.16
0.16
0.16
0.16
0.16
0.16
0.16
0.16
0.22
0.16
0.16
0.255
0.264
0.229
0.16
0.16
0.172
0.16
0.213
0.373
0.582
0.512
0.585
0.21
0.16
0.16
0.16
0.16
0.16
0.16
0.195
0.16
0.195
0.295
0.16
0.16
0.16
0.16
0.16
0.16
0.16
0.18
0.375
0.248
0.427
0.436
0.403
0.184
0.16
0.16
0.16
0.16
0.16
0.16
0.229
0.16
0.16
0.16
0.16
0.16
0.16
0.22
0.16
0.16
0.16
0.16
0.244
0.689
0.431
0.876
0.641
0.221
0.16
0.16
0.16
0.16
0.16
0.16
0.16
0.432
0.169
0.16
0.16
0.26
0.26
0.38
0.32
0.22
0.16
0.267
0.312
0.46
0.746
0.867
0.725
0.22
0.16
0.16
0.16
0.16
0.16
0.16
0.181
0.411
0.275
0.275
0.195
0.16
0.172
0.16
0.16
0.192
0.24
0.215
0.405
0.682
0.362
0.706
0.533
0.312
0.16
0.16
0.16
0.16
0.16
0.16
0.3
0.352
0.37
0.26
0.22
0.16
0.16
0.172
0.16
0.16
0.16
0.18
0.352
0.4
0.38
0.192
0.239
0.16
0.16
0.16
0.16
0.16
0.16
0.172
0.232
0.311
0.324
0.24
0.22
0.16
0.16
0.16
0.172
0.172
0.16
0.319
0.428
0.596
0.711
0.513
0.885
0.3
0.169
0.16
0.16
0.16
0.16
0.16
0.232
0.379
0.442
0.382
0.32
0.16
0.16
0.169
0.16
0.16
0.16
0.32
0.384
0.713
0.587
0.656
0.554
0.371
0.16
0.16
0.16
0.16
0.16
0.16
0.16
0.16
0.22
0.16
0.16
0.172
0.232
0.232
0.16
0.16
0.2
0.597
0.681
0.633
0.698
0.511
0.519
0.275
0.172
0.369
0.16
0.16
0.16
0.16
0.16
0.22
0.26
0.22
0.22
0.16
0.16
0.16
0.16
0.16
0.16
0.16
0.392
0.57
0.772
0.681
0.232
0.3
0.16
0.172
0.16
0.16
0.16
0.16
0.332
0.356
0.284
0.16
0.169
0.181
0.16
0.16
0.172
0.22
0.22
0.16
0.3
0.433
0.425
0.788
0.58
0.392
0.16
0.16
0.16
0.16
0.16
0.16
0.16
0.24
0.509
0.195
0.16
0.2
0.169
0.16
0.16
0.172
0.16
0.288
0.751
0.488
0.725
0.591
0.693
0.457
0.16
0.16
0.16
0.16
0.16
0.16
0.16
0.257
0.318
0.44
0.227
0.16
0.16
0.16
0.16
0.16
0.16
0.16
0.444
0.292
0.352
0.424
0.512
0.24
0.16
0.172
0.16
0.16
0.16
0.16
0.16
0.18
0.192
0.16
0.16
0.16
0.16
0.18
0.16
0.16
0.16
0.16
0.293
0.353
0.508
0.631
0.499
0.516
0.16
0.16
0.269
0.16
0.16
0.21
0.394
0.16
0.16
0.18
0.195
0.16
0.16
0.16
0.16
0.16
0.22
0.22
0.547
0.603
0.513
0.464
0.587
0.16
0.16
0.16
0.16
0.16
0.16
0.16
0.16
0.16
0.392
0.304
0.244
0.271
0.172
0.172
0.232
0.18
0.16
0.229
0.435
0.384
0.508
0.376
0.473
0.334
0.16
0.16
0.16
0.26
0.16
0.16
0.3
0.16
0.319
0.221
0.18
0.18
0.16
0.207
0.207
0.255
0.252
0.172
0.294
0.282
0.421
0.292
0.213
0.16
0.16
0.16
0.16
0.16
0.16
0.16
0.22
0.252
0.32
0.16
0.16
0.16
0.16
0.16
0.16
0.22
0.16
0.44
0.604
0.415
0.597
0.834
0.637
0.619
0.16
0.16
0.16
0.16
0.16
0.16
0.16
0.62
0.46
0.16
0.16
0.16
0.16
0.22
0.22
0.16
0.16
0.16
0.16
0.422
0.444
0.562
0.42
0.367
0.16
0.16
0.16
0.16
0.16
0.16
0.16
0.16
0.16
0.16
0.16
0.22
0.16
0.169
0.169
0.16
0.18
0.4
0.735
0.614
0.555
0.538
0.301
0.292
0.16
0.16
0.16
0.16
0.16
0.16
0.16
0.392
0.369
0.172
0.232
0.252
0.18
0.28
0.28
0.172
0.16
0.465
0.73
0.749
0.75
0.594
0.517
0.16
0.16
0.244
0.16
0.16
0.16
0.16
0.16
0.22
0.16
0.16
0.16
0.16
0.16
0.16
0.16
0.16
0.16
0.242
0.399
0.431
0.82
0.757
0.513
0.242
0.16
0.16
0.16
0.16
0.16
0.16
0.32
0.28
0.332
0.26
0.16
0.195
0.18
0.18
0.195
0.18
0.16
0.395
0.777
0.764
0.585
0.686
0.447
0.287
0.16
0.16
0.16
0.16
0.16
0.16
0.16
0.362
0.204
0.21
0.21
0.21
0.16
0.16
0.16
0.16
0.16
0.207
0.466
0.343
0.574
0.276
0.18
0.22
0.16
0.16
0.16
0.16
0.16
0.16
0.34
0.452
0.595
0.16
0.16
0.16
0.16
0.26
0.16
0.16
0.172
0.41
0.353
0.464
0.675
0.696
0.611
0.169
0.16
0.16
0.16
0.16
0.16
0.22
0.22
0.485
0.289
0.16
0.16
0.16
0.16
0.16
0.22
0.21
0.21
0.282
0.512
0.508
0.715
0.703
0.798
0.516
0.16
0.16
0.16
0.16
0.16
0.16
0.16
0.36
0.412
0.28
0.232
0.16
0.16
0.16
0.16
0.16
0.16
0.232
0.292
0.414
0.557
0.449
0.397
0.16
0.16
0.16
0.16
0.16
0.16
0.16
0.232
0.172
0.377
0.16
0.16
0.16
0.22
0.18
0.309
0.207
0.195
0.267
0.565
0.625
0.506
0.377
0.505
0.16
0.16
0.16
0.16
0.16
0.16
0.16
0.16
0.232
0.3
0.3
0.364
0.22
0.16
0.22
0.16
0.172
0.22
0.232
0.577
0.481
0.232
0.28
0.439
0.363
0.16
0.16
0.16
0.16
0.16
0.16
0.16
0.26
0.344
0.16
0.16
0.16
0.16
0.16
0.16
0.16
0.192
0.409
0.57
0.362
0.467
0.514
0.554
0.533
0.16
0.16
0.16
0.16
0.16
0.16
0.16
0.229
0.534
0.16
0.22
0.26
0.16
0.16
0.22
0.16
0.16
0.266
0.707
0.761
0.501
0.464
0.621
0.47
0.16
0.284
0.16
0.16
0.16
0.16
0.16
0.349
0.752
0.16
0.16
0.16
0.16
0.22
0.16
0.16
0.16
0.593
0.704
0.646
0.715
0.493
0.417
0.471
0.16
0.252
0.16
0.16
0.16
0.16
0.16
0.16
0.302
0.16
0.16
0.16
0.16
0.16
0.16
0.16
0.244
0.312
0.557
0.652
0.399
0.462
0.417
0.2
0.16
0.16
0.16
0.16
0.16
0.16
0.195
0.342
0.374
0.16
0.16
0.207
0.295
0.255
0.16
0.16
0.195
0.317
0.406
0.51
0.457
0.479
0.35
0.16
0.16
0.16
0.21
0.222
0.16
0.16
0.31
0.346
0.366
0.252
0.252
0.221
0.184
0.16
0.16
0.172
0.16
0.382
0.471
0.763
0.473
0.724
0.554
0.362
0.16
0.16
0.16
0.16
0.16
0.16
0.16
0.16
0.27
0.16
0.16
0.16
0.272
0.22
0.16
0.16
0.16
0.195
0.204
0.22
0.703
0.615
0.506
0.579
0.16
0.16
0.16
0.192
0.16
0.22
0.16
0.256
0.404
0.364
0.272
0.16
0.16
0.16
0.16
0.16
0.16
0.449
0.461
0.28
0.304
0.536
0.504
0.172
0.16
0.16
0.18
0.16
0.16
0.2
0.207
0.355
0.488
0.16
0.172
0.16
0.16
0.16
0.16
0.16
0.16
0.484
0.47
0.415
0.637
0.807
0.405
0.303
0.16
0.16
0.16
0.16
0.16
0.16
0.16
0.359
0.336
0.269
0.24
0.22
0.16
0.16
0.16
0.252
0.264
0.588
0.363
0.771
0.668
0.67
0.704
0.528
0.16
0.16
0.16
0.16
0.16
0.16
0.21
0.172
0.327
0.16
0.16
0.16
0.28
0.16
0.16
0.16
0.452
0.263
0.508
0.457
0.541
0.542
0.493
0.22
0.16
0.241
0.16
0.16
0.16
0.16
0.375
0.504
0.232
0.399
0.22
0.16
0.16
0.16
0.16
0.172
0.16
0.783
0.529
0.497
0.564
0.659
0.506
0.442
0.16
0.16
0.16
0.16
0.16
0.16
0.16
0.16
0.21
0.195
0.235
0.195
0.195
0.16
0.16
0.16
0.34
0.342
0.511
0.712
0.334
0.382
0.523
0.384
0.16
0.16
0.232
0.16
0.16
0.16
0.16
0.407
0.387
0.475
0.18
0.26
0.36
0.22
0.22
0.22
0.652
0.73
0.82
0.824
0.634
0.538
0.29
0.16
0.16
0.16
0.16
0.16
0.16
0.16
0.22
0.22
0.497
0.496
0.181
0.232
0.282
0.192
0.22
0.18
0.172
0.289
0.351
0.342
0.38
0.562
0.675
0.392
0.16
0.16
0.195
0.16
0.16
0.16
0.16
0.327
0.54
0.28
0.22
0.16
0.16
0.16
0.16
0.16
0.28
0.527
0.435
0.567
0.512
0.672
0.688
0.27
0.18
0.16
0.16
0.16
0.16
0.16
0.2
0.192
0.284
0.296
0.18
0.18
0.16
0.16
0.172
0.172
0.279
0.252
0.435
0.418
0.394
0.385
0.354
0.444
0.16
0.16
0.16
0.16
0.16
0.16
0.16
0.16
0.574
0.51
0.22
0.16
0.16
0.172
0.192
0.26
0.29
0.22
0.317
0.252
0.354
0.278
0.204
0.16
0.16
0.16
0.16
0.22
0.16
0.16
0.387
0.488
0.595
0.452
0.392
0.172
0.172
0.16
0.16
0.16
0.16
0.26
0.407
0.643
0.787
0.522
0.255
0.16
0.16
0.16
0.16
0.16
0.16
0.22
0.16
0.16
0.184
0.356
0.315
0.304
0.292
0.16
0.16
0.232
0.373
0.347
0.342
0.402
0.51
0.499
0.547
0.265
0.16
0.16
0.16
0.16
0.16
0.16
0.3
0.5
0.477
0.346
0.236
0.16
0.16
0.16
0.16
0.22
0.276
0.687
0.744
0.58
0.545
0.801
0.699
0.843
0.16
0.16
0.16
0.16
0.16
0.16
0.16
0.255
0.232
0.392
0.212
0.292
0.16
0.16
0.16
0.16
0.16
0.244
0.327
0.481
0.497
0.401
0.481
0.22
0.16
0.16
0.16
0.16
0.16
0.16
0.16
0.16
0.324
0.316
0.319
0.212
0.172
0.172
0.16
0.16
0.356
0.261
0.369
0.272
0.599
0.505
0.321
0.192
0.172
0.16
0.16
0.16
0.16
0.16
0.16
0.252
0.192
0.236
0.344
0.16
0.16
0.16
0.172
0.16
0.396
0.604
0.736
0.759
0.711
0.667
0.574
0.34
0.16
0.16
0.16
0.16
0.16
0.16
0.16
0.352
0.538
0.32
0.272
0.272
0.16
0.172
0.16
0.195
0.28
0.51
0.41
0.48
0.33
0.281
0.259
0.29
0.16
0.16
0.28
0.16
0.16
0.16
0.35
0.355
0.318
0.207
0.16
0.16
0.16
0.16
0.16
0.16
0.232
0.485
0.453
0.641
0.382
0.706
0.524
0.362
0.16
0.29
0.16
0.16
0.16
0.16
0.16
0.236
0.406
0.421
0.353
0.169
0.16
0.16
0.172
0.16
0.462
0.421
0.701
0.701
0.514
0.767
0.79
0.459
0.16
0.16
0.16
0.16
0.16
0.16
0.16
0.272
0.482
0.304
0.332
0.332
0.22
0.195
0.16
0.16
0.264
0.419
0.372
0.468
0.33
0.441
0.584
0.16
0.16
0.16
0.16
0.16
0.16
0.16
0.16
0.16
0.16
0.22
0.16
0.195
0.172
0.16
0.16
0.448
0.616
0.562
0.633
0.569
0.564
0.566
0.569
0.393
0.16
0.204
0.16
0.16
0.16
0.16
0.16
0.24
0.292
0.546
0.74
0.442
0.28
0.249
0.169
0.608
0.523
0.75
0.423
0.595
0.67
0.774
0.467
0.552
0.16
0.344
0.16
0.16
0.16
0.16
0.16
0.232
0.272
0.484
0.172
0.16
0.16
0.22
0.22
0.16
0.264
0.495
0.726
0.721
0.623
0.495
0.256
0.16
0.16
0.16
0.16
0.16
0.16
0.16
0.16
0.2
0.359
0.515
0.411
0.18
0.16
0.16
0.22
0.22
0.292
0.23
0.421
0.507
0.344
0.467
0.431
0.361
0.16
0.16
0.16
0.16
0.16
0.16
0.192
0.35
0.631
0.389
0.22
0.16
0.16
0.16
0.16
0.334
0.333
0.401
0.457
0.677
0.612
0.683
0.557
0.521
0.18
0.16
0.16
0.16
0.16
0.16
0.16
0.301
0.432
0.746
0.59
0.246
0.21
0.16
0.16
0.556
0.414
0.684
0.641
0.494
0.791
0.312
0.33
0.16
0.16
0.16
0.16
0.16
0.16
0.16
0.16
0.16
0.16
0.207
0.404
0.324
0.232
0.22
0.16
0.169
0.31
0.316
0.356
0.333
0.565
0.56
0.62
0.568
0.16
0.312
0.16
0.16
0.16
0.16
0.16
0.195
0.35
0.396
0.393
0.349
0.429
0.255
0.255
0.539
0.49
0.597
0.593
0.676
0.284
0.315
0.184
0.22
0.16
0.16
0.16
0.16
0.16
0.16
0.322
0.292
0.22
0.314
0.466
0.554
0.532
0.372
0.16
0.581
0.432
0.663
0.424
0.229
0.416
0.594
0.16
0.16
0.16
0.16
0.16
0.312
0.16
0.16
0.16
0.367
0.22
0.312
0.172
0.16
0.16
0.16
0.16
0.16
0.349
0.428
0.684
0.518
0.527
0.827
0.433
0.16
0.16
0.16
0.16
0.16
0.16
0.16
0.16
0.16
0.192
0.252
0.425
0.314
0.22
0.232
0.234
0.322
0.234
0.292
0.282
0.507
0.318
0.526
0.396
0.452
0.16
0.16
0.16
0.16
0.16
0.16
0.16
0.16
0.195
0.16
0.16
0.16
0.16
0.21
0.16
0.16
0.41
0.778
0.812
0.39
0.752
0.818
0.558
0.16
0.16
0.16
0.16
0.16
0.16
0.16
0.16
0.332
0.34
0.292
0.24
0.28
0.22
0.16
0.16
0.16
0.402
0.44
0.498
0.42
0.404
0.502
0.285
0.342
0.16
0.16
0.16
0.16
0.16
0.16
0.16
0.16
0.22
0.347
0.22
0.284
0.272
0.272
0.172
0.16
0.595
0.581
0.678
0.642
0.58
0.704
0.52
0.321
0.16
0.16
0.16
0.16
0.16
0.16
0.16
0.16
0.181
0.349
0.221
0.209
0.16
0.16
0.16
0.16
0.398
0.524
0.254
0.268
0.32
0.272
0.402
0.482
0.16
0.16
0.16
0.16
0.16
0.16
0.16
0.28
0.517
0.461
0.242
0.192
0.16
0.16
0.16
0.16
0.255
0.376
0.278
0.244
0.679
0.414
0.481
0.285
0.172
0.16
0.16
0.16
0.16
0.16
0.16
0.172
0.468
0.536
0.24
0.16
0.16
0.16
0.16
0.342
0.16
0.16
0.475
0.324
0.424
0.601
0.439
0.496
0.16
0.16
0.16
0.16
0.16
0.16
0.195
0.16
0.16
0.16
0.16
0.16
0.232
0.16
0.344
0.295
0.407
0.379
0.529
0.415
0.441
0.419
0.484
0.204
0.16
0.16
0.16
0.16
0.16
0.16
0.341
0.16
0.27
0.316
0.354
0.322
0.21
0.16
0.232
0.172
0.443
0.389
0.485
0.432
0.53
0.507
0.413
0.16
0.16
0.22
0.16
0.16
0.16
0.16
0.16
0.545
0.542
0.563
0.241
0.25
0.2
0.2
0.16
0.21
0.252
0.433
0.387
0.432
0.409
0.496
0.474
0.488
0.16
0.16
0.16
0.16
0.16
0.16
0.16
0.16
0.261
0.67
0.637
0.221
0.262
0.16
0.34
0.22
0.436
0.568
0.511
0.501
0.794
0.593
0.65
0.52
0.16
0.22
0.16
0.16
0.169
0.2
0.22
0.172
0.209
0.244
0.232
0.22
0.16
0.16
0.16
0.16
0.292
0.409
0.593
0.511
0.685
0.686
0.631
0.451
0.16
0.16
0.16
0.16
0.16
0.16
0.16
0.554
0.16
0.34
0.269
0.256
0.224
0.16
0.26
0.485
0.505
0.42
0.539
0.572
0.372
0.576
0.565
0.332
0.16
0.16
0.16
0.16
0.16
0.16
0.16
0.244
0.534
0.5
0.625
0.598
0.379
0.486
0.612
0.805
0.645
0.625
0.565
0.585
0.763
0.535
0.621
0.335
0.16
0.16
0.16
0.16
0.16
0.16
0.292
0.432
0.444
0.279
0.387
0.255
0.215
0.18
0.16
0.18
0.249
0.551
0.812
0.768
0.58
0.532
0.335
0.16
0.16
0.16
0.16
0.16
0.16
0.16
0.16
0.16
0.321
0.384
0.576
0.16
0.16
0.16
0.22
0.16
0.22
0.344
0.397
0.689
0.553
0.806
0.769
0.385
0.16
0.16
0.16
0.16
0.16
0.16
0.287
0.394
0.339
0.289
0.375
0.26
0.16
0.16
0.16
0.255
0.509
0.482
0.402
0.612
0.462
0.736
0.16
0.16
0.16
0.16
0.16
0.16
0.16
0.16
0.16
0.232
0.455
0.371
0.355
0.355
0.169
0.18
0.212
0.252
0.469
0.613
0.607
0.536
0.436
0.408
0.405
0.313
0.16
0.201
0.16
0.16
0.16
0.16
0.16
0.16
0.452
0.443
0.511
0.462
0.26
0.34
0.329
0.519
0.736
0.713
0.531
0.482
0.694
0.791
0.767
0.263
0.16
0.16
0.16
0.16
0.16
0.16
0.172
0.55
0.401
0.451
0.216
0.398
0.327
0.826
0.808
0.608
0.618
0.596
0.817
0.836
0.746
0.661
0.704
0.524
0.172
0.16
0.16
0.27
0.16
0.16
0.16
0.16
0.374
0.448
0.487
0.232
0.28
0.26
0.22
0.3
0.38
0.464
0.473
0.486
0.641
0.853
0.404
0.16
0.16
0.16
0.16
0.16
0.16
0.16
0.16
0.232
0.18
0.414
0.398
0.276
0.16
0.16
0.16
0.172
0.467
0.555
0.477
0.501
0.364
0.529
0.553
0.16
0.16
0.16
0.16
0.16
0.16
0.16
0.282
0.359
0.585
0.244
0.219
0.232
0.232
0.232
0.172
0.252
0.424
0.57
0.548
0.632
0.741
0.646
0.752
0.668
0.16
0.16
0.16
0.16
0.16
0.16
0.16
0.16
0.28
0.172
0.789
0.524
0.416
0.249
0.33
0.312
0.523
0.415
0.46
0.416
0.619
0.623
0.332
0.172
0.16
0.16
0.16
0.16
0.16
0.16
0.16
0.255
0.336
0.374
0.551
0.698
0.681
0.536
0.392
0.461
0.376
0.279
0.373
0.325
0.337
0.575
0.433
0.445
0.16
0.232
0.16
0.16
0.16
0.16
0.16
0.415
0.3
0.42
0.259
0.23
0.16
0.22
0.16
0.18
0.559
0.558
0.652
0.611
0.656
0.54
0.655
0.379
0.16
0.16
0.16
0.16
0.16
0.16
0.172
0.388
0.439
0.564
0.272
0.16
0.172
0.195
0.16
0.22
0.272
0.292
0.706
0.564
0.424
0.22
0.432
0.16
0.16
0.16
0.16
0.16
0.16
0.16
0.452
0.354
0.553
0.437
0.322
0.34
0.16
0.16
0.255
0.172
0.428
0.448
0.383
0.441
0.413
0.617
0.428
0.224
0.16
0.16
0.16
0.16
0.16
0.16
0.16
0.229
0.314
0.443
0.473
0.351
0.324
0.195
0.315
0.423
0.528
0.483
0.453
0.351
0.327
0.688
0.491
0.414
0.22
0.281
0.16
0.344
0.16
0.172
0.172
0.16
0.282
0.345
0.412
0.16
0.16
0.16
0.16
0.16
0.264
0.169
0.341
0.422
0.276
0.277
0.355
0.341
0.16
0.16
0.16
0.16
0.16
0.242
0.16
0.18
0.422
0.316
0.353
0.234
0.192
0.172
0.172
0.344
0.409
0.333
0.354
0.584
0.622
0.629
0.701
0.577
0.16
0.16
0.16
0.16
0.16
0.16
0.193
0.22
0.371
0.294
0.448
0.459
0.585
0.676
0.566
0.421
0.524
0.434
0.353
0.358
0.763
0.449
0.524
0.762
0.16
0.16
0.16
0.16
0.16
0.16
0.16
0.172
0.244
0.562
0.577
0.295
0.26
0.16
0.16
0.16
0.16
0.16
0.172
0.424
0.305
0.264
0.22
0.16
0.16
0.16
0.16
0.16
0.16
0.16
0.16
0.16
0.16
0.172
0.516
0.746
0.282
0.184
0.421
0.393
0.421
0.511
0.459
0.359
0.316
0.553
0.474
0.315
0.16
0.16
0.16
0.16
0.16
0.16
0.219
0.22
0.241
0.169
0.377
0.265
0.354
0.416
0.412
0.244
0.461
0.357
0.612
0.788
0.775
0.614
0.435
0.16
0.16
0.16
0.16
0.16
0.16
0.16
0.16
0.314
0.806
0.372
0.18
0.16
0.16
0.16
0.16
0.16
0.193
0.454
0.621
0.643
0.783
0.627
0.838
0.252
0.16
0.16
0.16
0.16
0.16
0.16
0.16
0.26
0.405
0.415
0.379
0.38
0.16
0.16
0.16
0.16
0.464
0.398
0.585
0.509
0.597
0.384
0.347
0.224
0.16
0.16
0.16
0.16
0.16
0.16
0.16
0.424
0.414
0.388
0.464
0.225
0.292
0.567
0.232
0.332
0.426
0.596
0.568
0.507
0.416
0.623
0.654
0.16
0.16
0.16
0.16
0.16
0.16
0.16
0.16
0.32
0.332
0.314
0.282
0.252
0.16
0.16
0.16
0.305
0.441
0.541
0.626
0.437
0.296
0.345
0.587
0.22
0.16
0.16
0.16
0.16
0.16
0.16
0.16
0.16
0.48
0.655
0.304
0.172
0.172
0.16
0.16
0.16
0.16
0.26
0.451
0.288
0.284
0.311
0.448
0.448
0.16
0.16
0.16
0.16
0.16
0.235
0.255
0.2
0.247
0.438
0.16
0.16
0.16
0.16
0.16
0.16
0.307
0.419
0.379
0.336
0.334
0.562
0.437
0.241
