0
0
0
0
0
1.811469
6.301755
6.51669
1.945735
1.461743
0.274416
0
2.139946
1.152758
1.098768
0.533084
0.940158
1.213134
1.429378
0.79345
0.225861
0.738328
0.521098
0
0
0
0
0
0.053124
3.661792
3.526877
6.499912
1.539291
0.840431
0.895969
0.585491
0
0.329841
0.221197
0.319657
0.715438
0.819389
1.188648
1.619021
1.13992
0.4146
0.280084
0
0
0
0
0
0
0.627761
1.354422
1.820214
2.226882
0.313446
0.579563
1.191271
0.387811
0.327796
1.025045
0.783604
0.729119
1.187857
0.787323
1.705374
0.717525
0.50893
0.985262
0.214143
0
0
0
0
0
0.209355
4.638518
2.281029
1.108679
0.531567
0
1.141199
2.396606
2.170501
1.605721
0.269363
0.521224
1.259869
0.894089
1.167869
0.892335
0.262098
1.800105
0.075396
0
0
0
0
0
2.447006
3.69695
5.504736
1.039667
1.173031
0.361957
0.504985
0.509868
1.353109
0.550694
1.100082
0.343926
0.78586
0.32775
3.52838
1.421074
0.538791
1.721174
0
0
0
0.146124
0.300488
0
2.34086
2.103315
5.948179
2.447925
0.664241
0.705939
0
1.310762
0.044713
0.115738
0.428229
1.480644
0.312289
1.185095
1.822953
0.699197
1.713005
1.111225
0.185398
0
0
0
0
0
0.220921
2.208087
7.539575
3.041172
0.537403
0
0
0
0
0.108404
0.521615
0.141406
0.399423
1.598831
0.956222
1.795003
1.333672
0.37851
0.721239
0
0
0
0
0
0
0.162835
1.217241
1.374856
1.243322
1.348661
0.696519
1.095424
0.654262
0.585709
0.271901
1.592153
0.256747
1.207087
1.102581
2.094458
0.452492
0.4476
0.853417
0
0
0
0
0
0.777465
0.18431
2.514887
1.60846
1.887921
1.213672
2.718223
0.696072
1.331478
1.062816
0.555364
1.195513
0.734082
1.036214
0.724444
2.260522
0.346016
0.367258
0
0
0
0
0
0
0
0
0.862968
1.351249
0.596
0.035465
0.453889
0.31109
0.359794
0.272585
0.734843
0.208778
0.146374
0.386329
0.767902
1.422054
1.308437
0.466882
0.178436
0
0
0
0
0
3.210337
3.035834
4.109322
2.418826
1.488468
1.193407
0.836782
0.900491
0.669604
0.506794
0.720152
0.196658
1.029577
0.815792
0.572217
2.317166
1.635717
0.75453
0
0
0
0
0.222614
0.104926
2.96068
4.151776
2.06038
3.449888
1.186104
0.834035
0.171931
0.363684
0.430152
0.936281
1.336348
1.083657
0.462566
1.606703
1.603353
2.547982
0.901775
1.190771
0.161713
0
0
0
0
0
0.213594
3.717645
4.470503
2.757764
0.442084
0.706649
0.830393
1.27348
0.306841
0.834764
0.27345
0.44852
0.658665
2.578458
1.983747
1.100273
0.485082
1.179438
0.198625
0
0
0
0
0
1.871322
4.337377
6.698737
1.548408
0
0.258949
0.519629
1.110199
0.783872
0.579744
1.244299
0.907117
1.225641
0.931588
3.445836
0.836797
2.192939
1.809771
0.388961
0.069562
0
0
0
0
1.036076
1.817203
2.277778
1.465966
1.583849
1.533366
0.210545
0.716893
0.427449
0.451014
1.891523
0.428235
1.350446
0
2.065035
1.299946
0.81559
1.643999
0.206544
0
0
0
0
0
1.017909
2.753791
1.586148
1.812783
1.15357
0.292466
0.18687
0.576321
0.234059
0.8193
1.602876
0.46745
0
0.732575
2.813369
0.512757
0.960435
0.457781
0.12511
0.081622
0
0
0
0
0
0.346742
1.366811
2.334727
1.582962
1.887008
0.798847
1.214273
1.729178
0.183792
1.198937
0.667665
0.868249
1.815448
1.054966
0.671066
0.340164
0.665125
0.456096
0
0
0
0.094514
0
1.553428
3.522749
4.4172
1.146026
0.800227
1.546759
1.680003
0.934367
0.922112
0.809438
1.185737
0.469357
1.246904
0.019263
2.152309
2.198358
0.617517
1.022939
0.945519
0.196918
0
0
0
0
1.229242
1.488121
2.433577
1.601191
0.692576
0.13422
0.549891
0.211774
0.315192
1.304067
0.75512
1.996131
0.201081
1.071801
1.404967
2.034605
1.151448
0.866792
0.447461
0
0
0.37498
0.025773
0
0
4.393648
5.694074
1.495485
1.035361
0.462679
0.387653
0.589815
0.790467
0.762767
0.767163
0.703891
0.709826
1.491061
2.284216
0.881098
0.793859
0.864421
0.560833
0
0
0
0
0
0
2.081101
2.102778
2.456157
0.141138
0
0.24356
0.053058
0.272884
0.202017
0.37519
1.637742
0.621068
0.856263
1.537154
1.739162
0.758277
1.801962
0
0
0
0
0
0
2.319281
4.975304
8.22904
3.948067
0.492416
0.320678
1.075781
0.896659
0.239969
0.60581
0.011909
1.288477
1.321246
0.338355
1.059771
1.174974
0.601667
1.170597
0.356862
0
0
0
0
0.053727
0.667495
0.791067
2.094781
1.420613
0.485426
1.712466
1.124243
0.513759
1.407762
0.938518
1.115217
1.488681
0.690908
1.16231
1.768029
1.092362
0.547697
1.089459
0.603058
0
0
0
0.204272
0
0.467792
1.367833
2.687142
2.131461
0.91685
0.894362
1.473741
0.668857
1.147803
0.762331
0.196416
0.882116
1.468093
0.723149
1.340026
1.396924
1.864144
0.729223
0.694616
0
0
0
0
0
0.296266
4.588683
1.319434
0.78816
0.343872
0.423092
0.941023
1.866417
0.610982
0.413443
1.382147
1.862385
0.360512
1.364728
1.410216
1.313476
1.517786
0.153961
0.127446
0
0
0
0
0
0.365189
1.069479
1.585889
1.769411
0.183126
0.327684
0.597151
0.815505
0.894368
0
0.255791
0.83677
0.302263
1.322429
0.762907
4.44609
2.24737
0.480067
0
0
0
0
0
0
0
0.341227
2.095359
3.036158
0.870313
1.059509
0.616038
1.606422
0
0.587499
0.211849
0.51215
0.325583
0.607386
2.193379
1.202018
0.577829
0.753894
0.174597
0
0
0
0
0.353147
1.814279
1.664118
3.033371
3.360874
1.095318
0.087951
0.16272
0.776547
0.303473
0.134386
0.561742
0.548458
0.267862
1.232758
2.004782
1.961275
0.477624
1.235303
0.897311
0.054747
0
0
0
0
1.326975
1.547878
2.422609
3.285441
1.906628
1.398486
0.232839
1.365283
1.040416
0.887897
1.804521
2.277749
1.337956
0.858535
0.964624
1.608492
0.930181
0.764114
0.625367
0
0
0
0
0.424474
0.228358
3.097372
5.284003
2.410091
1.906379
0.66348
1.783087
1.127771
0.905268
0.217265
1.396929
0.744204
1.138695
0.413993
1.903214
1.018371
1.129087
1.21856
0.544028
0
0
0
0
0
0
0.356851
2.199604
1.822882
0.933758
0.557097
2.353137
2.200162
1.623233
0.920749
2.063802
1.606616
0.79778
1.299305
1.322798
1.297307
1.099997
0.426912
0.460722
0
0
0
0
0
1.149141
6.143166
3.726843
2.271796
1.767123
1.032361
1.540832
0
0.060021
0
0
0
0.16142
1.171645
1.973623
2.973703
1.085989
1.082058
0.474065
0
0
0
0
0
0.459331
0
0.401878
2.392938
0
0.869967
1.525326
0.609829
0.210837
0.548294
0.486819
0.405571
0.447033
0.412438
1.348154
2.178578
0.629067
0.846658
0.053011
0
0
0
0
0
3.514704
1.050894
3.424378
1.586473
1.097704
1.025943
1.279119
1.180134
0.483547
1.295522
1.315949
1.270476
0.672776
1.102537
1.969185
0.908665
0.851726
0.942558
0.539855
0
0
0
0
0
0.374489
6.429873
4.068409
2.511415
1.520378
0.558796
0.735943
0.750453
0.726785
0.131137
0
0.354042
0.359776
1.080243
1.197556
1.728361
2.649937
0.854165
0.838213
0
0
0
0
0
0
0.194108
1.070266
0.658925
1.602249
0.984689
1.986236
1.660148
1.050862
1.469414
0.787496
0
0.885134
1.563548
1.308974
2.128711
0.915453
0.441742
0.21865
0
0
0
0
0
0.10566
0
2.140196
1.018165
2.13256
0.640583
1.402108
1.59261
1.267527
1.589102
1.702926
1.136562
1.126887
0.907914
0.236818
0.398323
1.050738
0.456784
0.220816
0
0.026772
0
0
0
0
0
0.978155
1.789638
2.423166
1.715584
1.485467
1.405847
0.625197
0
0.192496
0.147406
0
0.947973
0.920492
1.35987
0.859635
0.140638
0
0
0
0
0
0
0
1.287591
5.269217
2.644478
0.767572
0.817058
0.793137
1.595836
1.137702
0.490697
0.50172
0.488939
0.407699
1.140671
1.546806
1.130119
2.099717
0.424716
0
0
0
0
0
0.126426
0.57095
2.36616
4.560759
4.37904
1.973225
1.31119
1.012686
0.865474
0.962617
0.920817
0.332959
0
1.293631
1.182644
0.995574
1.273927
1.341166
0.584808
0.24102
0
0
0
0
0.023672
0
0.472013
3.217736
1.623673
0.303813
1.053528
0.068296
0.457656
0.277858
0.473793
0.699138
0.306876
0.377503
0.509891
1.474334
0.816823
1.32499
1.316419
0.40027
0
0
0
0.441731
0
3.802398
3.910058
5.393141
3.551142
0
0.186957
0.178045
0.522494
0.072276
0.560183
0.836912
1.439978
0.715563
1.606912
2.051951
2.080844
0.552004
1.577374
0.196877
0
0
0
0.565347
0.516181
0.942198
1.808531
3.444569
1.481912
0.600564
0.43415
0
1.97449
1.518059
1.097622
0.884993
1.188837
1.064673
0.961909
1.179323
1.37455
0.09315
0.728714
0
0
0
0
0
0
0.198637
1.092413
3.060767
3.712455
1.866682
0.508638
0.934191
1.417544
0.570015
1.130486
1.629747
2.116946
1.217501
0.687957
2.988796
1.752737
0.45993
1.103659
0.233002
0
0
0.095519
0
0
0
0.981922
2.796943
4.582655
2.456339
0.888394
1.273587
0.843503
1.146728
0.242043
0.848934
0.767354
1.160747
0.552829
0.927164
2.19772
0.817128
0.117115
0.703343
0.092907
0
0
0
0
1.426587
1.429705
2.154903
3.054306
0.782088
1.424375
0.73233
0.29834
1.453428
0.285546
0
0.185045
0.150011
1.134848
1.191886
0.395512
0.719955
0.547075
0.555112
0
0
0
0
0
3.022738
3.099455
4.507147
1.885131
0.810363
0.874074
0.402689
1.079947
0.494662
1.635773
2.516847
0.542897
1.130395
0.998163
2.907395
1.840899
0.586494
0.374449
0.340462
0.223536
0
0
0.701528
0.426596
3.052326
3.194532
2.858134
0.910405
0.506795
1.173638
0.708546
0
0.162521
0.01034
0.251782
0.523811
1.313555
1.186384
1.627424
1.229567
1.18202
0.689861
0.214001
0
0
0
0
0
0.351873
1.800995
2.272262
0.99612
0.343719
1.337075
0.943388
1.702768
0.930205
1.965081
0.702506
1.36119
0.716761
0.83408
1.845143
0.719755
1.950812
0.319585
0.058221
0
0
0
0
0
0
4.012063
0.741208
1.624741
0.184711
0.247098
0.759126
0.324072
0.975726
0.036807
0.25329
0.390992
0.808701
1.071985
0.212293
1.200718
0.37552
0.683069
0.433705
0
0
0.108519
0.323321
0
0
0.4434
1.611963
2.442289
0.8691
0.968968
1.130918
1.190952
1.791488
1.911991
3.548064
1.68246
1.34637
0.87595
1.577998
1.693
1.505901
0.716526
0.373306
0
0
0
0
0
0
3.010876
2.45486
2.605376
1.024997
1.192149
1.476918
1.297387
1.380767
1.702735
2.003687
1.204194
1.267266
1.459173
2.228525
1.045928
0.533892
0.552451
0.167383
0
0
0
0
0
0
5.114022
3.750048
2.651715
0.401426
0.817199
0.442921
1.154165
0.414226
0.571378
1.486482
1.472168
0.744947
0.855767
0.984967
1.868994
1.220877
0.222558
0.483904
0.298366
0
0
0
0
3.188179
4.278921
4.332655
2.920171
0.421339
0.726974
1.373051
0.421969
0.853794
0.4836
1.903933
0.211923
0.261509
0.465602
0.86224
1.961402
1.344074
0.696427
0.337852
0.249554
0
0
0
0.341898
1.060626
5.37998
6.584719
2.222755
1.450034
0.622658
0.815358
1.545854
0.274531
0.338322
1.028825
0.36077
0
0.830215
2.704818
0.331247
1.041396
0.317794
0.633532
0
0
0.132525
0
0
3.287866
5.214758
6.380646
2.445024
0.705193
0.165221
0.255689
0
0.449754
1.735101
1.005426
1.344234
0.736595
1.357972
2.713325
3.431548
0.379249
1.05987
0.418086
0
0
0
0
0.252214
0.59496
2.240654
2.374112
2.121318
0.475455
0.792749
0.458575
1.136994
0.635654
0
0.893586
0.138055
0.790611
0.377677
1.324823
1.742418
0.624903
0.733213
0.215216
0
0
0
0.121874
0.485297
0
0
0
1.948072
0.794757
0.835865
0.045381
0.407793
0.901776
0.429324
1.892302
0.04711
0.734047
0.349278
0.645034
0.735386
1.699477
0.981374
0
0
0
0
0
0
0.193086
2.100797
2.714085
1.991199
1.658993
0.513964
0.904999
0.956818
0.485413
0.802822
1.438628
1.973165
0.698135
0.305401
1.512407
0.904723
0.606201
1.184911
0
0
0
0
0
0
0.291458
1.182372
1.458178
0.51052
0.583643
0
0.239204
0.889907
0.639829
0.521175
1.139977
1.180068
0.818686
0.992173
0.361414
1.706442
0.582656
1.078282
0.462262
0.325621
0
0
0
0
2.438776
3.121641
5.86563
1.48683
0.498042
0.608804
0.13931
0.486538
0.446851
0.162682
0.418157
0.391251
1.992405
1.794577
2.542144
1.461227
1.250739
0.518886
0
0
0
0
0.374484
0
1.088755
5.494326
2.936877
1.465296
0.425397
0.488839
0.189565
0.637548
0
1.022596
1.434284
1.273265
0.172618
0.469014
2.053763
1.898828
1.022261
0.525969
0
0
0
0
0
0.025176
0
0
0
1.163417
1.473368
0.331425
0.90286
0.467513
0.174609
0
0.149781
1.091512
0.544325
1.078254
1.024212
0.888133
0.40569
0.406375
0.327587
0
0
0
0
0
0
5.007535
3.399479
1.756962
0.418103
0.091567
0.298485
1.759677
0.279375
0.479807
1.339227
0.20804
0.571316
1.262315
1.315162
0.243561
1.006792
0.567563
0.518005
0
0
0.29397
0.259636
0.376914
1.382405
1.325462
0
0.451941
0.702493
0.604725
0.887619
0.309773
0.073022
0.543041
0
0.392625
0.299674
0.125563
0.798407
2.311265
0.854728
1.230904
0.38716
0
0.084038
0
0
0
1.872336
1.620873
1.582747
1.637059
1.157504
1.776797
1.664452
1.576999
0.489977
0.836788
0.984448
1.733887
1.367729
0.446213
2.006802
1.276947
1.654746
0.356783
0.32316
0
0
0
0
0
0
1.257183
3.165341
0.892549
0
0
0.515467
0.245694
0.07685
0
0.387566
0.272956
0.914884
0.838299
2.410596
1.710405
0.917456
1.028541
0.590995
0
0.15698
0
0
0
1.455018
1.039658
1.95084
0.663117
0.865922
0.699919
1.220956
0.469791
0.053647
0.310385
0.827938
2.020613
1.365749
0.969484
1.677871
1.762926
1.185545
1.015695
0.2434
0
0
0
0
0.033471
1.640742
5.649401
5.612976
1.916039
0.63013
0.358889
0.423718
1.213203
0.124089
1.24577
0.378308
0.965411
0.351117
1.957235
1.768965
1.274135
0.561269
0.832664
0
0
0
0
0
0
0
3.600818
4.657753
2.029215
0.622846
0.179981
0.40208
0.158489
0
0.793396
0.581578
0.572912
1.54039
0.799142
1.869526
2.657741
0.760121
1.06755
0
0
0
0.081845
0
0
0
6.637337
2.307469
2.681941
1.386405
0.946552
0.570734
0.001551
1.111263
1.894777
0.985283
1.219672
0.66772
1.138128
1.634472
1.192812
0.717054
0.06974
0.372987
0.380568
0
0
0.331835
0.178512
0
0.243518
0.343487
0.918733
0.678655
0.184712
0.747731
0.810178
0.740544
0.823287
0.369195
1.735846
0.986051
1.262999
2.379331
1.38893
0.457229
0.778491
0
0
0
0
0
0
0
0.484854
1.786151
1.057893
0.482609
1.413898
1.425217
0.891824
0.954888
1.125147
1.946637
1.204854
0.96807
1.647399
1.939204
1.391771
0.598479
0.926395
0.786706
0
0
0
0
0
0
2.001615
4.886546
1.195585
0.636785
0.072949
0.563422
1.158889
1.094088
0.686211
1.68808
0.381128
1.06531
0.949221
1.548162
2.017211
1.620175
0.975916
0.757356
0
0
0
0
0
0.74258
6.935817
4.517162
1.499893
0.180215
0.400994
0.69836
0.515226
0.424231
0.400043
0.70959
0.861068
1.381163
1.407927
0.757921
0.695539
1.415113
1.596949
1.141576
0
0
0
0
0
0
0.488814
2.929408
1.939459
1.795527
0.169286
0.079107
0.530331
0.255038
1.255482
0.409688
0.598837
0.747799
0.07054
2.76433
0.561771
0.789897
0.739306
0.176472
0
0
0
0
0
1.385262
5.005137
4.481924
1.287623
0.309842
0
0.127154
0.684013
0.343928
0.83926
1.561583
0.32779
0.515301
2.634631
2.446695
1.700091
0.577268
1.097096
0.453235
0.128781
0
0
0
0
0
1.933319
3.279702
2.0138
0.730138
0.802991
0.115482
0.726561
0.175201
0.486358
0
0.219756
0.488878
0.747677
0.756698
1.645295
1.660925
1.507592
0.164678
0.144158
0
0
0
0
0.848313
2.538026
1.074612
1.538823
1.658058
1.463017
1.310446
0.811907
0.841537
0.27826
0.49764
1.510825
0.799185
0.494123
1.625806
0.689775
0.775895
0.540699
0.289218
0.373849
0
0
0.18218
0
0
0.404747
1.761621
1.661616
1.946765
0.877528
0.385907
2.442566
1.351986
1.996716
1.208138
1.614003
1.014931
0.800199
1.622344
0.311719
0.943509
0.970408
1.262964
0
0
0
0
0.055967
1.563051
6.223404
6.236241
1.60549
1.112935
0.224964
0.785011
0.818083
0.373392
0.14855
1.254103
0.959622
1.023799
0.871215
1.777109
0.671011
0.545817
0.33316
0.460193
0
0
0
0
0.281014
3.419732
2.804954
2.679604
1.265471
2.243402
0.317827
0.813563
1.051861
0
0.355109
0.719967
0.529179
0.382396
0.74872
0.424374
1.000204
0.174148
0.660448
0.110999
0
0
0
0
0
2.381931
1.363072
2.266937
1.59123
0.201651
0.17051
0.412232
0.9604
0.389582
1.129721
1.445807
1.566233
1.088098
0.837585
1.040114
1.472349
0.991185
0.79028
0.446461
0
0
0
0
0
1.208413
4.336709
2.775895
0
1.892627
1.514382
0.002195
0.364821
0.957496
0.637473
1.386678
0.952111
1.196703
1.200254
2.680171
1.683539
0.427054
0.36566
0
0
0
0
0
0
0
1.019883
1.206377
0.301421
0
0.208106
0.646923
0.166615
1.469189
1.309069
0.835337
1.255746
0.699179
0.178522
0.679248
0.580487
0
0.092424
0.199188
0
0
0
1.048806
0
0
0
0.990837
0.975741
0.752004
0.439583
0.718903
0.435054
0.582761
0.72307
1.281251
1.162067
1.491703
1.23466
0.843817
0.940021
0.24751
0.272916
0.230542
0
0
0
0
0
0
0.687213
1.46884
1.89262
0.214767
0.49799
0.312089
0.741544
0.984789
0.230401
1.007989
0.803212
0.291454
1.639813
2.659378
2.25682
0.332957
0.499204
0.524048
0
0
0
0
0
0
2.044429
1.986723
0.726748
1.734448
0.434144
0.925675
0.578801
0
0.284547
1.091132
0.991799
0.786299
0.607043
3.349041
0.505111
1.159937
0.124
0.224875
0
0
0
0
0.104254
2.505393
6.15439
1.920404
0.82685
0.627778
1.069465
1.4852
0.958511
0.271501
0.393975
0.329888
0.983137
0.173362
0.717057
0.141137
2.430046
0.745277
0.810674
0.838302
0
0
0
0
0
0
5.266393
5.883455
1.86109
1.015354
0.710166
0.789094
2.915888
0
0.620068
1.482983
0.973929
0.372099
0.588343
1.561777
0.419552
1.914193
1.256526
0
0
0.260842
0.18282
0
0
0
0.470072
1.983049
1.37446
0.563718
0.435917
0.935258
1.46931
0.905739
0.547416
0.443697
0.774773
0.127096
0.883636
1.387138
0.601596
0.533521
0.253779
0
0
0
0
0
0
0
0.547155
3.043768
0.424244
0.781586
0.548429
1.177153
1.413557
0.812386
0.655092
0.48961
0.619338
0.607381
0.695179
1.93001
1.491022
0.489999
1.3721
0
0
0
0
0
0
0.537623
2.512306
2.036138
1.103517
2.02447
1.248398
0.701197
0.901781
0.528534
0.396578
0.414916
0.614364
0.511805
0.698376
1.258921
0.509572
0.893204
0.975121
0.64388
0
0
0
0.203435
0
0
0
1.350781
2.017151
1.72086
1.169143
1.494432
1.948871
0.663876
0.855517
0.925909
1.901759
1.04921
0.618902
0.828218
0.938079
0.798776
0.978473
0.326969
0
0
0
0
0
0
0.609424
3.302352
1.76676
0.739123
1.028453
1.023004
1.53964
0.583341
2.540711
0.78432
1.189726
0.961534
0.169484
1.002676
1.482123
1.00039
0.593831
0.487112
0.021149
0.043848
0
0
0
0.46326
2.496182
1.143516
2.07676
0.761326
0
0.365452
0.799853
0.663903
0.264359
0.460278
0.872287
0.212033
0.954322
1.063619
2.061159
0.422583
0.832375
0.150926
0
0
0
0
0
1.863187
3.42472
5.91974
1.555092
0.258733
0
0.381536
0.748829
1.140815
0.72877
1.503199
0.739837
1.691501
1.522058
1.949512
1.477937
0.691009
0.222591
0.305348
0
0
0.030035
0.410822
0
0
2.463527
4.410231
1.13041
0.703308
0.583727
1.067205
0
0.793027
0.713497
0.794236
1.395886
0.836417
0.799688
1.453206
0.741417
2.017332
0.48933
0.206427
0.095217
0
0
0
0
0
1.409932
0.944297
1.277583
0.982582
0.163129
1.116594
0
0.107944
0.278804
0.892374
0.326635
0.297853
0.947841
1.160963
1.777789
0.695786
0.052828
0
0
0
0
0
0
0.256796
4.023262
5.397398
0.939519
0.891341
0.523972
0.448566
0
0.871621
0.978248
1.66332
1.119138
0.796591
1.181112
1.030085
1.410731
2.193562
0.055786
0.517929
0
0
0
0
0
0
0.202679
2.152129
0.530525
0.97208
0.397222
0.49179
0.609518
1.597943
0.857864
0.673181
0
0.216871
0.688753
1.908809
1.613122
0.392482
0.303381
0.23522
0.044914
0
0.328487
0
0
0
0.665545
0.938931
0.672669
0.700643
0.067931
0.469358
0.426287
0.985021
2.254013
1.370978
0.801195
0.292205
1.311235
1.62525
2.273718
1.861103
0.600074
0.175314
0
0
0
0
0.217127
3.394882
3.924996
3.11054
0.921914
0.171672
0.696933
0.076376
0.429311
0.4051
0.469431
1.366901
2.024321
0.369016
1.033208
1.433565
2.593033
0.309718
0.145288
0.14202
0
0
0
0
0
0
3.166213
6.645518
1.483654
1.302221
0.412219
0.58698
0.447719
0
0.181775
0.252709
1.291632
0.156695
1.15803
1.745203
1.341097
0.635004
1.370522
0.639198
0
0
0
0
1.078944
4.434744
8.04009
4.419901
2.102453
0.826751
0.760917
0.405179
0.777929
0.598213
0.465623
0
1.177461
0.622968
2.104381
1.580286
1.600183
0.957448
0.665648
1.100884
0
0
0
0
0.29266
3.791092
6.632477
2.13767
1.689299
0.600731
0.505606
0.080058
0.750112
0.251967
0.139832
0.317821
0.058061
0.82509
0.968233
1.266366
0.420718
1.17731
0.61921
0
0.091052
0
0
0
0
1.415036
2.365406
3.372128
2.826076
0.310836
0.508921
0.413991
0.522467
1.054688
0.786829
0.659727
0.761831
0.644814
0.849188
1.435332
1.427112
0.625279
0.591601
0.627754
0.297479
0
0.215901
0
0
0.747793
1.479703
3.40374
2.002769
0.300765
0.47442
2.105432
1.613949
1.283499
1.034992
1.05019
1.237478
0.664765
0.480873
1.582314
0.879714
1.611606
1.313772
0.410199
0
0
0
0
0
2.364339
7.208714
2.889398
0.550333
0.112862
0
0.705296
0.628252
0.222531
0.23769
0.214393
0.744195
0.997339
1.856115
0.643459
1.012097
0.892073
0.760093
0.081083
0
0
0
0
0
1.916127
1.377587
3.366388
1.366755
0.384856
0.233836
0.415543
1.788655
0.918317
0.835418
0.218254
1.20859
0.607856
0.528909
1.533912
0.663372
0.341298
0
0
0
0
0
0
0
0
1.905528
2.432049
1.052414
0.27923
0.629033
0.769304
0.881851
0.636398
0.248905
0.528309
0.446647
1.275742
0.409956
1.786767
0.190282
0.982612
0.388021
0.025743
0
0
0
0
0
0
2.175527
2.866553
2.182064
0.488503
1.38203
1.007956
0.437764
0.638231
1.127297
0.866015
0.06376
0.599229
0.162459
1.946997
2.204934
0
0.299659
0.552752
0
0
0
0
0
1.050351
3.203659
1.735966
1.116836
0.559944
0.456165
0.232267
0.40754
0.46168
0.894984
0.260736
0.413632
1.292723
0.477019
1.417333
1.133422
0.455197
0.328436
0
0
0
0
0
0
0
0
0.721599
1.699184
0.968661
0.611076
1.335549
0.694264
0
0
0.106831
0.994705
1.031281
0.738149
1.532271
2.497717
0.324063
1.371741
0.171179
0.277242
0
0
0.022862
0
0.689052
3.211554
2.033302
1.425531
1.994419
0.71359
1.816326
1.343543
1.043629
1.617767
0.234422
1.981974
0.550013
0.379637
1.065269
1.031656
0.498725
0.315003
0.009588
0
0
0
0
0
0.153731
6.192163
5.153908
3.043093
2.120015
0.16777
1.047193
1.822392
0.806893
0.953267
0.957482
0.160157
1.004461
0.682542
0.736822
1.411122
0.803958
0.627418
0.64926
0
0
0
0
0
0.42526
3.154868
3.451953
2.36675
1.318741
0.352839
0.229029
0.472781
0.755405
0.193423
0.390533
0.041944
0.978808
0.502892
0.815761
0.569741
0.321257
0.919756
0.516966
0
0
0
0
0.12646
2.788862
2.793837
3.081494
1.453676
0.324174
0.408531
0.541223
0.453907
0.241417
0.755607
0
0.577962
0.175149
1.03167
0.988203
0.842405
1.170428
1.228613
0.567539
0
0
0
0
0
0
1.33554
5.412714
1.887276
1.309662
0.885081
0.444427
0.766289
0.242939
0.739807
0.434696
1.065825
0.431454
0.696537
2.094568
2.220471
1.491974
0.611302
0.550957
0.280444
0
0
0
0.115878
3.327528
2.381749
2.335414
1.500875
1.402874
0.841923
1.309316
0.804948
0.761657
0.450477
0.830819
0.244682
0.604756
0.569477
1.951236
2.187288
1.480019
1.371889
0.243103
0
0
0
0
0
0
0
3.078938
1.575022
1.29195
1.341863
2.43611
0.872875
0.423733
0.411082
1.417615
0.930345
1.528416
0.531571
3.854482
1.874146
0.615457
0.912238
1.106757
0
0
0
0
0
1.419949
1.23021
1.885801
1.724461
1.844352
1.038014
0.884719
0.721913
1.407339
1.579095
1.747332
0.456565
0.422333
0.753374
1.220551
1.587481
0.759784
0.490657
0.603857
0
0
0
0.169252
0
1.879707
3.991503
2.225437
0
0.759833
0.666621
0.267743
0.505729
0.812568
0.018702
0.909588
0.802175
0.297774
1.029104
1.285661
0.638626
0.848123
0.54191
0.118746
0
0
0
0
0
0
2.723272
3.573428
2.600618
0
0.416003
0.565228
1.334358
1.252285
1.17577
0.887782
1.366253
1.113837
1.337935
3.32624
0.5199
2.000055
0.980458
0.35834
0
0
0
0
0
1.238627
0.175825
2.203496
0.50962
0.352607
0.726235
0.216882
0.488531
0.75459
0.817252
0.744374
0.177612
0.773197
1.16996
1.396443
1.432176
1.16947
0.804696
0
0
0
0
0.197975
0
1.48345
6.7126
9.636925
1.708403
0.5643
0.551964
0.797249
0.406336
0.260586
0.730331
0.315424
1.476533
1.187685
0.647545
1.852353
0.961125
0.753824
0.522149
0.788402
0
0
0
0
0
0
1.308087
0.499204
0.477725
0
0
0
0.312725
1.987298
0.901434
1.111881
1.180439
0.904191
0.52044
1.755491
0.63265
1.03064
0.156392
0.931572
0.256237
0
0
0
0
0.851613
0
1.788113
1.982556
1.842036
2.074588
0.901192
1.796489
1.51764
0.835713
0.225711
0.628567
0.118061
0
1.423948
0.611651
0.288461
0.436488
0.238197
0
0
0.270593
0
0
0
0
1.262375
1.367114
2.083522
1.50816
1.707696
0.268789
1.406505
1.181215
1.322954
1.172941
1.165444
1.406424
0.211352
2.741234
1.447305
1.459399
0.851132
0
0
0
0
0
0.343014
4.454619
3.930612
1.703041
0.39617
0.145341
0.488528
0.43236
0.143294
0
0.525802
0.654805
0.434334
0.24104
0
0.620243
0.305924
0.132657
0
0
0
0
0
0
0
1.668644
3.892612
0.823687
0.528624
0
0
0.377141
0.475838
0.163213
0.560641
1.046467
1.075404
0.856533
3.271346
0.825775
1.410938
0.530657
0.623245
0
0
0
0
0
0
2.990936
4.349776
1.928538
0.704263
0
0.145801
0
0.215469
1.990667
1.090978
1.028617
0.74569
0.898933
1.255243
1.260036
0.696433
1.168887
0.361547
0
0
0
0
0
2.081585
1.664655
5.567033
1.447905
0.820661
1.441421
0.831888
0.915533
1.023303
0.260744
0.230958
0.901657
1.150837
0.788403
0.974474
1.440934
0.988794
1.211538
0.582242
0
0.043131
0
0
0
0
3.794544
4.608319
2.134594
0.200898
0.131199
0
0.520432
0.152795
0.035366
1.41341
0.371804
0.394785
0.492098
1.362891
2.226527
1.793701
0.261458
0.016108
0
0
0
0
0
0
0
5.131644
0.627309
0.629303
1.062633
2.282663
1.579559
0.09397
0.698664
2.214977
1.014527
0.628885
2.032115
0.613232
1.62154
1.409416
0.852104
0.41979
0.27356
0
0
0
0
0.64843
2.856835
4.084071
0.517841
1.231243
1.240982
0.972309
2.150438
0.689685
0.892324
1.516309
0.982052
0.386816
0.479046
0.935693
0.82159
0.459349
0.15799
0
0
0.036885
0.128681
0
0
0.958619
3.482839
1.768324
2.15104
0.278663
0
0.72038
0.458943
0.101326
0.148108
0.123482
1.74368
0.791594
1.40806
0.873714
0.807752
0.098248
1.243486
0.889655
0
0
0
0
0
1.697559
5.008896
4.779385
1.391235
0.893465
0.964045
1.024405
0.582994
0.554524
0
0
0.577652
0
0.115379
2.289672
1.834149
0.709216
0.696838
0.597323
0
0
0
0
0
0
3.986684
4.71069
0.443873
1.778504
0.694211
0.826086
0.662243
0.716012
0.622889
0.482728
1.331903
1.571167
1.157123
0.783879
1.922304
0.767172
0.287252
0.518825
0
0
0
0
0
0
4.029175
4.193161
0.676306
0.417973
0.101192
0.824609
0
0.140309
1.151475
0
0.239516
0.762889
0.819266
1.089414
0.976931
1.024944
0.667708
0
0
0
0
0
0
0.860998
8.714985
6.020807
2.81299
0.66325
0.57277
1.233544
1.240936
2.239265
0.873985
1.026083
0.208482
2.168869
0.831484
0.395251
0.561193
1.073865
0.220742
0.388963
0
0
0
0
0
0
1.647166
0.941565
0.596327
0.595269
0.201054
1.870273
0.58765
1.060135
1.082977
2.133542
0.672282
0.652836
0.385105
1.403675
0.962933
0.203533
0.348418
0.215824
0
0
0
0
0
0
0
2.790772
2.062319
1.549125
1.121082
0.162433
0.991542
0.984412
0.668635
1.120956
0.867647
0.683892
1.046279
0
1.249929
0.677591
0.576323
1.25161
0
0
0
0
0
0
0.767275
1.849458
1.429038
1.509593
0.664903
0.815166
0.606179
0.872147
0.303309
1.14314
0.489101
0.585262
0.986126
1.82999
2.41381
0.620425
0.114552
0.303881
0
0
0
0
0
1.268085
5.967289
4.988489
1.821138
0.883977
0.64479
0.705509
0.238722
0.208082
1.22553
0.767476
1.363502
2.167447
0.14431
0.724936
0.725958
0.311139
0.477841
0
0
0
0
0
0
0
0.45736
1.790009
1.66542
0.861009
0.395045
1.996256
0.607824
0.523233
1.550711
0.547179
0.865239
0.504366
1.327426
1.281364
1.697256
0.928896
1.189627
0.942891
0
0
0
0
0.06272
2.302116
3.71375
1.805793
0.876392
0.467324
0.062326
0.863882
0.387101
0
0.455923
0
1.70914
0.913478
1.654117
0.760895
1.553981
0.323335
0.91672
0.188596
0
0
0
0
0
0
3.034219
2.405967
3.196865
0.867261
1.354723
0.652461
0.855762
0.611217
0.585812
0.491327
0.525593
0.764889
1.322934
1.076156
0.756401
0.980238
1.194586
0
0.059062
0
0
0
0
0
1.852186
0.679638
1.002807
0.556323
2.272427
1.502073
1.046323
0.985393
0.679332
0.81507
2.64077
0.922521
1.759978
1.433322
0.901424
0.722562
0.53612
0.660168
0.309543
0
0
0
0
1.349266
0.353877
1.798206
0.132738
1.187467
1.061009
0.637611
0.709439
0.655237
0.162572
0.090813
0
1.01978
0.54775
1.557557
0
0.796535
0
0.193253
0
0
0
0.079828
0
0
0.75153
2.363986
2.196601
1.314051
0.300512
0.340298
0.074911
0.402011
0.38141
1.0572
0.353082
0.317216
0.919976
2.100903
0.808692
0.596377
0.437101
0
0
0
0
0
0
0.556899
1.406077
1.963686
0.789701
0.389751
0
0
0.423397
0.521844
0.520922
0.674252
0.983006
1.264108
0.814958
1.09458
1.574962
0.22176
1.216701
0.05786
0
0
0
0
0.29539
2.286392
6.837545
3.172631
1.822524
0.307556
0.391602
0
0.466262
0.130282
0
0.205856
0.415379
0
0.868141
1.588005
1.55844
0.922649
0.664902
0.115858
0
0
0
0
0
0.499172
0.334679
1.448538
3.269893
0.349474
0.873936
0
1.00267
1.00727
1.603288
0.885758
1.290296
0.966485
1.426106
1.725523
1.147469
0.94224
0.800076
0.863074
0
0
0
0
0
0.518719
3.687981
3.917468
0.67324
0.86896
0.6419
0.941769
0.779553
0.234251
0.565609
0
0.945575
0.962939
0.279393
0.457031
0.911117
1.068611
0.466065
0.272799
0
0
0
0
0
2.438405
3.435346
1.504463
4.722458
1.127577
1.323224
1.168381
0.851494
0.540412
1.973044
1.039226
1.847034
1.481149
1.311494
1.738909
0.572662
1.794105
1.063146
0.357414
1.211396
0
0
0
0
0
0
0
0.64529
0.475403
1.313443
1.071773
0.983331
0.991844
1.041304
0.43238
0.739691
0.932639
0.287817
1.113837
0.964002
0.477178
0.687458
0.589024
0.427859
0
0
0
0
1.083342
4.910703
2.429463
1.11085
1.062145
0.538262
0.770308
1.419941
0.700694
1.054808
1.611728
0
0.485562
0.559026
1.517109
2.056378
0.905256
0.28403
0.604413
0
0
0
0
0
0
0.371394
5.433427
2.368468
0.674655
0
0.962374
1.068195
0
0.179745
0.161461
1.674152
0.308773
0.736775
1.383615
1.786025
0.5213
1.109217
0.076687
0
0
0
0
0
0.772825
3.57514
6.298803
2.320719
0.707364
0
1.0526
0.211654
0.941426
0
0.146772
0.45711
0.513808
1.034481
0.684766
1.408607
0.527482
0.863728
0.248635
0.462644
0
0
0
0.385144
2.391628
1.433059
4.679124
1.410372
0.421544
0.097414
0.965024
0.930147
0
0.718388
0.567519
0.290257
0.53052
0
0.889931
0.885908
0.830994
0.382811
0.161634
0
0
0
0
0
1.180704
2.849553
1.980916
1.949214
0.924938
0.357068
0.364517
1.197825
0.061979
0.103178
1.407682
0.513955
0.570018
0.582758
1.826334
1.283729
0.491536
1.426889
0.421257
0
0
0
0
0
0
3.784777
1.249259
0.756653
0.455918
0.466404
0.188317
2.346842
1.425901
1.356845
2.021053
1.466761
0.687695
1.443071
2.324921
0.559264
0
1.155069
0.33363
0
0
0
0
0
2.137774
2.195098
4.335426
2.576817
1.835545
0.849901
1.665306
1.932509
1.263832
1.120142
0.81425
0.555567
0.720688
1.431433
1.063808
0.656567
1.123334
0.045099
0
0
0
0
0
0
0.354738
4.241702
4.645487
3.20993
1.577543
0.127219
0
0.981014
0.514109
0.441058
0.614591
0.860894
1.126572
0.369739
1.966434
1.008753
1.046228
0.382414
0
0
0
0.163974
0
0
0
0.348385
2.27125
1.553875
0.727798
0.222172
0.610212
1.703272
0.771862
0
0.258711
0.178278
0.897703
0.639948
0.215509
1.254942
0.108962
0.106548
0.510775
0.363941
0
0
0
0.428766
3.095826
4.133738
3.587522
0.923276
0.251184
0.401272
0
0.133641
0.140412
0.418756
0.944101
0.905423
0.796155
0.902439
1.072224
1.773202
1.146181
0.594343
0.192784
0
0
0
0
0
0.22608
5.302768
2.253482
2.059221
1.552667
0.694353
0
0
0.135276
0.262199
0.303812
0.909893
0.36781
1.407786
0.745374
0
0.057642
0.650122
0.552043
0
0
0.330546
0
0
0.423417
1.428767
4.175319
1.431526
1.114689
0.614415
0.302124
0.190327
0.88685
0.923267
1.635724
0.347934
0.394716
1.144651
1.198528
1.843538
0.918202
1.094865
0.151698
0.352142
0.008286
0
0.020684
0
0
0
2.747949
1.708843
1.475955
0.328457
1.09763
0.244476
1.267605
0.475638
0.701034
0.711411
0.738495
1.466351
2.278843
1.526735
0.930914
1.19463
0.494376
0
0
0
0
0
0
0.523788
2.281946
2.125926
1.947519
1.040633
0.654023
1.099016
1.255205
0.277824
0.10748
0.803447
0.820939
1.348316
1.132947
2.59902
0.495334
0.378352
0.391362
0.120353
0
0
0
0
0.272578
1.836219
4.832698
2.123821
0.832579
0.585193
0.695127
0.070988
0.258738
0.608427
0.116657
0.872622
1.233104
0.621097
0.433066
0
1.184711
0.347223
0.724002
0.367853
0
0
0
0
2.512271
4.483096
2.320048
1.021294
0.385429
0.378836
1.684537
0.668974
0.708749
0.707333
0.375011
0.852325
1.087727
0.431007
0.918684
1.725595
1.32661
0.384399
0.188836
0
0
0
0
0
0
1.311212
4.904624
0.622441
0.185329
0.250385
0
0.398041
0
0.228971
0.950812
0.869326
0.55873
1.007065
1.211728
1.323899
0.920754
0.402877
0.136146
0
0
0
0
0.589525
0.731129
4.267107
6.359127
1.595252
0.740678
0.630145
1.06161
0.689885
0.33879
0.939074
0.653257
1.437581
0.859315
0.961797
1.546925
1.608656
1.225066
0.611678
0.365437
0
0
0
0
0
0
2.872911
1.161735
1.956966
1.06364
0.579329
0.048935
0.504058
0.156288
0.271447
0.969154
0.45529
0.670867
0.282659
0.760305
1.351722
1.115371
0
0.262812
0
0
0
0.096074
0.190998
0
0
1.18713
0.441058
1.700128
0.431451
0.451008
0.934138
0.149734
0.634325
0.664469
1.5415
0.882257
0.934903
2.904526
0.216811
0.137031
0.492271
0.810186
0.163604
0
0
0
0
0
3.428053
0.508835
0.998058
0.402858
0.356805
0.195702
0.163675
0.425928
0.438272
0.561931
0.443599
1.401068
1.10714
1.481239
0.802123
0.5266
0.964382
0.319705
0
0
0
0
0
3.451467
0.437567
2.68561
0.992984
1.287426
0.923383
0.332505
0
0.666995
0.243139
1.029018
0.970261
0.512083
0.837897
1.893495
1.0205
1.157996
0.570452
0.321365
0
0
0
0
0
0
1.143006
2.411149
1.978641
0.853693
0.120206
0.420758
0.485393
0.523346
0.311811
0.604799
0.961984
0.762602
0.778128
1.183286
1.068886
0.845967
0.897914
0.336267
0
0.273721
0.335471
0
0
1.31645
3.604654
1.376418
3.403961
0.761289
0.841185
0.294354
0.06871
0.24438
1.261807
1.339098
1.321022
0.292463
0.077973
1.332461
1.531047
1.33061
0.210837
0.705482
0
0
0
0
0
0.786105
5.498788
3.886154
1.196013
0.519952
0.229906
0.315679
1.370017
0.462079
0.297155
0.454903
0.790024
0.6494
0.674473
0.973988
1.475046
0.302041
0.079062
0.057818
0
0
0
0
0
0
1.076364
1.55021
1.577068
1.022163
0.418312
0.314829
0
0.080421
0.088046
1.276832
0.514349
0.812621
0.482381
1.942286
0.359327
1.113608
1.191046
0.231824
0
0
0
0
0
0.606854
1.370008
2.478841
1.896913
1.318348
1.149175
1.852123
1.477182
1.761639
1.278401
1.594256
1.426941
1.364715
0.602498
1.730166
0.343109
1.19733
0.991897
0.774416
0
0
0
0
0
0.295784
1.687031
0.846592
0.255743
0.822347
0.953138
0.41991
0
1.263778
1.117432
1.089154
1.017714
0.373212
0.394956
1.13203
0.142813
0.615868
0
0.023039
0
0
0
0
0
0
0
3.335731
1.075036
0
0.129346
0.307719
0.564879
0.984724
0.428894
0.39419
0.652267
0.82914
0.804334
1.612453
2.444307
1.325265
0.623726
0.974647
0.061044
0
0.66766
0
0
0.898514
1.090074
4.672937
2.456044
0.887606
0.411139
0.227819
0.89369
1.139153
0.061447
0.326517
0.038533
0.403131
0.602509
1.099813
0.64804
1.089845
1.229203
0.428877
0.143537
0
0
0
0.011927
2.803161
2.795382
3.916874
2.462412
1.320776
0.435806
0.385816
0.984644
1.039095
0.750985
1.031618
0.417781
0.595131
0.302716
0.304233
1.206613
1.22748
1.120874
0
0
0.085774
0
0
0
0
1.400058
4.397021
1.744719
1.431531
0.685421
0.47024
0.791894
0.464886
0
0.642373
0.874901
0.891646
0.795864
0.475798
2.001628
2.41772
1.016132
0.276135
0
0
0
0
0
0.2141
1.878762
4.878244
1.256556
0.98318
0.730768
1.198272
1.08176
0
0.570208
1.29475
1.449361
0.633733
0.603289
2.823365
1.173388
0.097481
0.731156
0.072903
0
0.002451
0
0
0.126863
1.61594
1.075766
1.829853
0.308978
0.637106
0.737322
0.928857
1.247149
1.607766
1.043528
1.373949
1.126479
1.56858
0.230251
1.723877
2.8682
0.432081
0.957002
0.07092
0.331776
0
0
0
0.098246
0.546966
2.271065
4.088785
2.337155
0.08728
0.958484
2.186523
0.830233
1.537508
0.539662
1.083422
0.682845
0.364683
0.422253
0.918541
0.887471
0.826129
1.225041
0.522783
0
0
0
0
0.36012
0.97156
3.028537
2.548493
1.460962
1.156841
0.587487
2.130585
0.252406
0.204055
0
0
0.499948
0
0.983903
0.72181
1.67764
0.308856
0.759313
0.76026
0
0
0
0.163207
0
0
1.832109
2.795917
2.229819
0.817815
0.601581
0.759858
0.411312
0.495924
0.396952
0.779734
0.508563
0.859197
1.494882
0.357925
1.219801
0.276178
0.365937
0.536756
0.269256
0
0
0
0
1.712067
0.441259
0
0.085596
0.349432
0.572477
0.014714
0.159905
0.314276
0.222896
0.181402
0.336066
0.164714
0.268639
0.809517
1.209743
1.151818
0.660395
0.33043
0
0
0
0
0
1.525469
1.057429
6.386836
1.397593
0.376928
0.117219
0.594696
0.442798
0.400167
0.468143
0.429005
0
0
0.590356
1.258059
0.157383
1.111987
1.66889
0
0
0
0
0
0
0
1.887508
2.725707
1.503427
0.68195
0.70709
0.856466
0
0.695643
0
0.217059
0.221407
0.1431
1.112622
1.099998
0.785672
1.655521
0.258941
0
0
0
0
0
0.208283
0.813528
2.459403
0
3.058788
1.158363
0.853103
0.567141
0.835321
1.036498
1.254819
2.063517
0.301469
0.52719
0.617744
0.624574
1.372427
0.544709
1.176516
0
0
0
0
0
0
0.111396
0.121278
1.442971
1.153494
1.854151
0.801694
0.965691
0.280429
0
0
0.596326
0.516419
0.319121
0.019468
1.118566
0.941496
0.774958
0.33458
1.217448
0
0
0
0
0
0
1.974992
2.292998
0.939092
0.701025
0.668063
0.391501
2.856306
0.177281
0.526748
0.749145
0
0.736176
0.824263
1.459153
1.166469
0.203935
0.151907
0.358152
0
0
0
0
0
0.228796
0.978053
2.451946
1.363367
0
0.706033
0.257335
1.350171
0
0.376591
1.108685
0.833092
1.091698
0.356086
0.47494
0.715195
0.719397
1.106628
0.248579
0
0
0
0
0
1.028729
1.445676
3.252238
0.941569
0.574667
0
0.217531
0
0.079154
0.620355
0.285936
1.063526
0.504718
1.271939
0.882288
1.325201
0.562593
0.329199
0
0
0
0
0
0.310906
3.605456
7.744293
1.990206
1.257299
0.660872
0.279302
0.662444
0.422207
1.538465
0.836302
0.244787
0.573101
0
1.150243
1.227302
1.070519
0.822687
0.640342
0.702504
0
0
0
0
0
0
2.256733
2.51372
1.656313
0.510626
0.360943
1.674179
1.47358
1.064083
0.107581
0.358801
0.719128
0.268252
0.063212
0.707888
0.988433
0.683077
0.129507
0.092015
0
0
0
0
0
1.295441
0
0.758505
0.542925
1.342922
0.850516
0.950723
1.177247
0.497856
0
0.432687
1.433604
1.30432
0.467563
1.385817
2.303049
2.167495
0
0.37371
0.305624
0
0
0
0
0
2.250726
4.692337
1.226402
0.44888
0.237594
1.318662
2.970777
1.77219
0.827087
1.04554
1.18791
0.585241
1.286678
0.615156
1.299951
1.565496
0.424039
0
0.3414
0
0
0
0
1.050746
2.597262
2.910626
2.319961
0.836328
0.112259
0.889771
0.820873
0.777665
0.598415
0.655006
0.678636
1.138957
0.388134
0.801733
1.275091
0.795949
0.366277
0
0
0
0
0
0
0
1.108139
1.500171
2.353265
0.131527
1.56727
1.519737
0.549369
0.62547
0.378374
0.187774
0.688304
1.700286
1.181566
1.392101
0.395869
0.324784
1.354827
0.375161
0
0
0
0
0
0.194496
3.184427
2.567317
0.713154
0.892106
0.746094
0.230978
0.934149
0
0.736955
1.123799
0.653062
0.795137
0.139821
0.585201
1.208425
0.563272
0.303201
1.197795
0
0
0
0
0.2917
3.107316
3.746952
4.753602
2.763775
0.413568
0.344434
0
0.309844
0.268265
0.167012
0.095125
0.72513
0.495084
0.893495
1.37116
0.676629
0.885146
0.743123
1.067022
0.097455
0
0
0
0.158334
0
0.918191
1.862786
0.858969
0.3341
0.807713
0.151155
0.833373
0.270403
0.552673
0.362371
1.054767
0.81754
0.622327
1.370866
1.052387
0.63726
0.828111
0
0
0
0
0
0
1.842611
3.194957
2.232352
3.100082
1.504863
0.292685
1.002256
0.821341
0
0.395077
0.246299
1.609706
0.684821
0.124345
0.375896
0.112484
0.117496
0.174375
0.776202
0
0
0
0.045214
0
0
0.841595
0.740025
0.337055
1.572973
1.070543
2.338429
1.670447
1.468245
1.311458
0.672909
1.349858
0.400225
0.561496
1.021082
0.281414
1.144382
0.17101
0.511525
0
0
0
0.217534
0.387538
2.340981
5.454827
4.108156
0.440074
0.196556
0.33298
0.461777
0
0.778715
0
0.880838
0.693218
0.647779
0
1.200764
1.550316
0.629455
1.131177
0.004102
0
0
0
0
0
0
2.91414
3.747392
1.482285
0.306242
0
0.552059
0.432121
0.398751
0.087174
0.125313
0.22062
0.957774
1.034532
2.497657
0.50037
0.707682
0.876195
0
0
0
0
0
0
1.441375
7.094708
4.656686
2.229218
0.232422
0.397867
0
0.730237
0.727702
0.574999
0.660458
0.257247
0.187551
0.544687
1.917716
2.527052
0.830959
1.5953
0.024624
0.415141
0
0
0
0.255009
2.183468
5.812703
4.524268
0.951525
0.317215
0.124786
0.726966
0.341873
0
0.599071
0.438228
0.644307
0.482933
0.235952
1.367398
1.433934
0.623233
0.427795
0.210994
0
0
0
0
0.854835
1.746557
1.987507
1.363404
0.68442
1.462579
0.669712
0.581085
1.132391
0.275188
0.441511
0.467143
0.797812
0.496318
0.360787
1.460598
1.11284
0.260434
0.724973
0.276852
0
0
0
0.074038
0
0
1.319693
0.852284
1.369609
0.579919
0.295585
1.68274
1.301478
0.699402
1.138852
1.369223
1.133175
0.621688
0.689922
0.897186
2.974256
1.074294
0.366007
0.081218
0
0
0.015463
0
0
0
0
1.170026
0.354909
1.122345
0.974632
1.639496
1.446384
0.505644
0.705173
0.344318
0.170259
0.36847
0.431862
0.462174
0.957487
0.735439
0.8328
0.817548
0
0
0
0
0
0.483175
0
0.801332
0
0
0
0
0.355617
1.90207
0.425177
0.705386
0.900138
1.131502
0.804985
0.439414
1.212727
0.618433
1.065672
0.196266
0.378064
0
0.127768
0
0
0
1.560389
3.300534
1.324623
0.94444
0.807569
0.516851
1.613115
0.266299
1.253128
1.835184
0.634378
0.435521
1.016234
0.970772
2.152154
0.905397
0.377715
0.108016
0
0
0
0
0.519656
0.34586
7.291638
5.980514
2.294351
0.378149
0.763518
0.259778
0.347242
0.184441
0.668413
0.587222
0.343917
1.093627
0.154295
2.786912
0.916651
0.258846
0.390326
0.577321
0
0
0
0
0
1.005053
0.737278
0.775391
0.307282
0.394289
0.419787
0.359693
1.086259
0.010869
0.711522
0
0.305908
0.324966
0.339918
1.443665
1.132343
1.048766
0.698245
0
0.199248
0
0
0
0
3.491186
3.859081
1.32061
0.646827
0.464099
0.289098
0.529307
0
0.89921
0.032089
0.37217
0.72897
0.561233
1.402218
0.502333
1.062366
1.815452
1.713024
1.318234
0
0
0
0
0
0
0
0
0.558207
1.050171
2.328434
0.33302
0.684988
0.734914
0.170208
0.709753
0.153341
0.376359
1.471653
2.132948
0.481353
0.762531
0.955719
0.484373
0
0
0
0
0
0
0.333426
1.117145
1.669332
0.339545
0.639835
0.795465
0.846205
0
0.072654
0.067237
0.987153
1.291116
0.675924
1.650931
0.951716
0.520844
1.806775
0.530385
0
0
0
0
0
0
1.3454
3.957951
2.09956
0.86031
0.53013
0.496776
1.073423
0.433266
0.67068
0.376838
0
0.582998
0.346974
0.379738
0.392559
1.030139
0.145418
0.132426
0
0
0
0
0
0
2.688484
1.874399
1.433295
0.643207
0.354739
0
0
0.198128
0.210053
0.186262
1.237583
0.529138
0.625541
1.179493
0.948876
0.321924
0.850556
0.83575
0
0
0
0
0.518749
1.536535
3.237109
5.427931
1.238751
0.334552
0.482925
0.262172
0.55207
0.575274
0.803726
0.502961
0.764805
0.527232
0.55659
0.264315
1.376378
1.918281
0.497305
0.216925
0.263488
0.003482
0
0
0
0
2.706263
3.190156
0.588342
0.289543
0
0.170126
0.095237
0.362561
0
1.248164
0.95964
0.190698
0.573586
2.058874
1.756441
0.720125
0.691049
0.540248
0
0
0
0
0
0.643319
2.773526
4.341269
1.584645
0.05525
0.349825
0.734008
0.659318
0
0.800403
0
0.412716
0
1.145234
1.3715
0.938904
0.676692
1.214857
0.80043
0.250281
0
0
0
0
0
0.784138
2.100342
2.269528
0.635997
0.445726
0.71616
0.823846
1.20792
0.234866
0.994603
1.61325
0.636967
1.080815
1.107137
0.391047
0.724603
0.673824
0.299355
0
0
0
0
0
0.954493
2.202913
0.649929
1.721491
2.205068
0.740608
1.496345
1.643205
0.324748
0.5637
0.26894
0.875369
0.318206
1.712023
1.328874
0.629708
0.664761
0.842551
0.833367
0
0
0
0
0
0.514823
4.66769
5.400915
0.941751
0.585363
0.926605
0.592304
0.864133
0.259764
0.500411
0.704762
1.489526
1.009569
0.766952
2.513448
1.588506
0.694117
1.105048
0.280123
0
0
0
0
0
0.648391
4.380827
6.318154
1.982324
0.589263
0.526717
0.211264
0.336609
0.423609
0.576161
1.749825
2.083651
1.007718
0.350519
2.499208
1.693243
0.972112
0.661111
0.276747
0
0.289281
0.249454
0
0
0.377033
0
3.08131
1.301745
0.453292
0
0.774791
0.4105
0.156006
1.103599
0.461407
0.801744
0.427619
0.929127
1.38675
0.905493
1.409484
0.638255
0.160027
0
0
0
0
0
0.495771
4.739632
5.248403
0.875987
0.60336
0.181994
0.571408
0.129038
0.299302
0.341038
0.536275
0
0.417908
1.224562
3.199689
0.565972
1.331963
1.415338
0.165021
0
0
0
0
0
1.346826
0.95786
1.414017
1.978032
0.426087
0.778289
0
0.739345
0.529319
0.619952
0.670334
1.206774
0.709571
0.61807
0.775127
1.847162
0.797475
0.824932
0
0
0
0
0
0
0
3.815248
2.639234
1.815862
1.017053
0.942371
0.526258
1.177843
0.504885
1.430137
0.89985
0.602908
0.678396
0.976679
1.4253
1.166306
0.701544
0.828564
0.205028
0.139712
0
0
0
0
0
0
1.32048
1.59847
0.768716
1.390743
1.668465
0.748526
1.354128
0.159937
1.509631
2.093231
0.393196
0.918152
1.576115
1.235412
1.023292
1.825585
0.691789
0
0
0
0
0
1.599095
7.745304
7.370971
2.333071
1.381429
0.479277
1.764964
1.054597
0.799889
0.266903
0.46751
0.537038
0.845379
0.885514
0.708994
1.420794
0.858386
0.555964
0
0
0
0
0
0
0.482842
4.199651
2.290446
1.835959
0.823156
0
0.39114
0.14515
0.11132
0.506543
0.459857
0.861427
0.975572
0.465417
1.538918
0.255693
0.419403
0.748758
0
0
0
0
0
0.318265
2.314895
1.968194
4.226512
2.264983
1.177966
0.376476
0.497905
0
0.59414
0.270777
0.286323
0.543025
1.216787
0.394562
1.011794
0.708909
0.39747
1.898134
0.21075
0
0
0
0
0
1.183305
0
1.333523
2.219932
1.195432
0.203051
0.081441
1.254951
0.313592
0.344084
0.233253
0.934239
0.674217
0.845187
1.23836
0.193049
1.502401
0.802899
1.007834
0
0
0
0
0
2.102947
5.216301
3.785534
0.843796
0.488332
0.317598
0.095079
0.613034
0.666318
0.745861
0.302801
1.150142
0.775644
1.019026
0
1.216888
0.879164
0.371632
0.452322
0
0.010498
0.289085
0
0
1.076347
0.971237
0.591781
1.802757
1.415821
1.858704
1.676123
1.256564
1.453357
0.244656
1.076377
0.343264
0.546677
0.286912
2.057761
0.5977
0.878383
1.6236
0.246444
0
0
0
0
0.066434
0.311221
0.151217
1.495648
0.1598
1.856107
0.980247
0.230917
2.962772
1.530062
0.316989
1.833828
0.959339
0.930826
0.492006
0.463885
0.786997
0.546477
1.004499
0.214244
0
0
0
0
0
0.279834
0.276198
0.33993
1.366562
0.210959
0
0
1.012468
0.709426
0.563641
0.442661
1.022109
0.83342
0.549532
1.4944
0.518401
0.529964
0.72221
0.280347
0.371232
0
0
0
0
0
0.222171
1.40662
2.501049
0.414296
0.37328
1.0953
0.306936
0.507323
0
0.57439
0.152693
0.938978
0.86274
0.121887
0.75946
0.540102
0.304485
0.259159
0
0
0
0
0
0
2.492651
2.240441
1.410984
0.253921
0.648531
0.217923
0.505638
1.052723
0.561778
1.016199
1.011415
0.119372
0.969778
1.291947
1.230317
1.474405
0.443852
0.772116
0
0
0
0
0
0.217456
2.881622
4.004759
1.5089
1.343504
0
0.546064
0.150777
0.303505
0.426618
0.684564
0.2238
1.681367
1.986874
1.532832
1.106897
0.477056
1.543544
1.010685
0
0
0
0.160448
0.371745
3.852809
3.595933
2.869093
1.970621
0.560482
0.364625
0.617344
0.16372
0
0.668053
0.858761
0
0.690039
0
2.441387
0.704344
0.891459
0.027825
0.257075
0.254457
0.022622
0
0
0
0
0.581973
1.679914
0.893084
2.139094
1.346502
1.257322
1.935295
0.089536
0.608123
0.691908
0.914198
0.708284
0.753131
1.941785
0.770022
0.856129
1.112913
0.535973
0
0
0.352025
0.22857
0
0.787605
2.968503
3.070041
1.506072
2.025627
0.686374
1.216
0.895505
0.67195
0.605255
1.141253
0.615738
1.085396
0.404189
1.611757
1.852924
0.549741
0.717543
0.28215
0
0
0
0
0
1.48444
3.620321
2.884248
1.140805
0
0
0.769839
0.570972
0.258478
0.771655
0.877994
0.984454
0.973594
1.139569
0.509222
1.766543
1.389341
0.732837
0
0
0
0
0
0.03633
2.166929
2.102524
0.973414
1.550885
0.431911
0.383267
0.906704
0.592943
0.622464
1.332675
0.225408
0.889618
1.102303
0
1.183442
1.352617
0.745997
1.279982
0.917049
0
0
0
0
0
1.002309
5.985924
5.722243
2.040178
0.900069
0.505332
0
0.436818
0
0
0.453197
0
1.208357
1.222072
0.871561
1.281916
1.66744
0
0.194809
0.249814
0
0
0
0.195011
0.555071
0.339822
4.388854
3.064845
0.890763
0.418308
0.518754
1.911934
0.326805
1.012255
0.444499
0.943847
0.461729
0.913223
1.445653
1.114201
0.46127
0.732871
0.56949
0
0
0
0
0
0
0.180051
0.88888
0.68924
0.160507
0
0
0
0
0.147742
0.18176
0.184027
0.37148
0.449475
2.107562
1.601985
1.734315
0.383631
0.575558
0.169562
0
0
0
0
0.791759
2.853326
1.232922
0.214923
1.10266
0.443492
0
0.137604
0.369342
0
1.442304
0.761812
0
0.514071
1.474402
0.288668
0.614318
0.452295
0.443977
0.060115
0.014971
0.312189
0
0.075497
0
0.505667
2.950399
0.83115
1.815933
1.221329
1.298568
1.406401
0.386203
1.075548
1.25048
1.16554
0.596281
0.293499
2.856505
0.952759
0.599536
0.562168
0.534337
0
0
0
0
0.159428
0.360003
3.986747
1.458838
1.716921
0.8093
0.430417
0.221168
0
0.203094
0.819251
0.653087
0.581367
0.421964
1.777234
0.93625
1.918954
0.65156
0.21435
0.050928
0
0
0
0
0
0
2.751765
2.235465
1.960553
0.247094
0.882153
0.217411
0.212469
1.568864
0.315006
0.017967
0.445648
0.297262
0.227455
0.237779
0.868646
2.050125
0.658307
0.241384
0
0
0
0
0
1.777777
4.660739
3.039629
1.505816
0.145052
0
0.145277
1.340564
0.747322
0.068595
0.791893
0.714729
0.712484
0.6658
0.735117
1.025225
2.038793
0.11599
0.406672
0
0
0
0
0
1.167914
3.633189
5.944196
1.630827
1.349581
0.265577
0.103934
0.658521
0.214842
0.25402
0.219897
0.240089
0.395132
1.025186
0.750818
1.964908
1.680154
0.939424
0.427117
0
0
0
0
0
0.147724
2.487932
3.047878
1.224138
0.50493
0.114476
0.127956
0.530695
0.988101
0.771825
1.592643
0.708034
0.69694
0.956999
0.678134
0.722255
1.05696
0.637748
0.612538
0
0
0
0
0
0
0.292882
0.367577
1.130095
1.420452
1.360796
1.890549
1.170938
1.106398
0.951714
0.863642
0.652264
1.492115
0.679337
1.134762
0.457702
0.807711
0.784292
0.047971
0
0
0
0
0
0
0.232446
0.228219
1.420468
0.840218
0.469349
1.338571
0.574504
0.403501
0.570369
0.488616
1.103166
0
0.851941
0.739122
1.8294
0.610382
0.788017
0
0
0
0
0
0
0.136875
1.514749
2.941949
2.907118
0.740825
2.018539
1.049749
0.631111
0
0.509813
1.888543
1.230916
1.009918
1.43523
0.952187
1.567223
0.905546
0.856939
0.290054
0.486724
0
0
0
0
0.466676
2.435887
2.273209
2.295365
0.318394
0.039563
0.581503
0.697583
1.273103
0.485936
0.812428
1.604402
0.523779
1.215513
0.925356
1.545752
0.915494
1.498979
0.309044
0
0
0
0
0
1.676587
3.630855
5.080171
2.394386
1.073742
0.745617
0.441338
1.811856
0.05005
0.254154
1.114104
0.838956
0.325789
0.410889
0.967761
0.598417
1.204716
0.486155
0
0
0
0
0
0
0.892214
2.930313
3.022667
1.798553
0.235389
0.275277
0.203923
0.25513
0.000311
0.389417
0.113348
0.444681
0.649301
0.307176
0.789442
1.917275
0.481902
0.475422
0.149094
0
0
0
0
0
0.254326
2.744892
1.348046
0.376092
1.081001
0.055145
0.43649
0.209817
0.032096
0.31394
0
1.147341
0.375235
0.81002
0.103782
0.892989
0.623439
0.174502
0.047623
0.064102
0
0
0
0
0
0
1.466327
2.285316
1.613533
1.042813
0.514575
0.385242
0.433189
0.851843
0.808372
2.056609
1.000988
0.941243
0.585162
1.663128
0.200841
0.090292
0.60684
0
0
0
0.690887
0
0.496683
2.331666
0.198899
1.806507
0.460618
1.60325
1.585615
1.337138
0.453672
0.782399
1.541067
1.094613
0.931636
0
0.444956
1.522373
1.220325
0.618783
0.356653
0
0
0
0
0
0
0.645737
3.705607
2.981389
1.203037
0
0.866628
0.323917
0.49948
0.23403
1.21148
0.29902
0.445947
0.435198
1.952113
0.607993
1.487592
0.368507
0.413447
0
0
0
0.275947
0
0.461831
4.264601
2.493655
1.952203
0.720385
0
0.944013
0.293914
1.117855
0.250781
0.5656
0.357037
0.957664
0.172969
1.242321
1.363562
0.566123
0.152606
0.091899
0
0
0
0
0.231694
0.173025
2.638218
3.164018
1.045979
0.517077
0.69637
0.081651
0.151732
0.06472
0.757405
1.225327
0.720622
0.173722
0.426299
1.496255
0.687987
1.398352
0.824567
0
0
0
0.291375
0
0
2.547378
3.858123
4.626449
1.00124
1.104652
0.335624
0.140425
0.644101
0.406246
0.203379
2.239709
0.854029
0.390336
0.390211
0.91386
0.551249
1.55163
0.841831
0.890648
0
0
0
0
0
0.785612
4.503766
3.172168
3.526336
1.372419
1.199001
0.431663
0
0.719972
0.673791
0.970662
0.565609
0.756269
0.301515
1.276125
0.825734
0.744247
0.232433
0.124658
0.631141
0
0
0.424301
0
0
0.916159
0.990158
1.225608
1.599116
1.095582
1.079504
1.22849
0.233356
0.807098
0.412898
0.202553
0.694982
1.163396
1.618068
1.065585
1.569904
0.620787
0
0
0
0
0
0
1.18716
4.737235
2.921724
2.317944
0.422304
0.628854
1.243074
1.997402
1.488776
0.743975
1.087327
1.929883
0.376975
0.924489
0.708897
1.439461
0.652038
0
0.531215
0.11387
0
0
0
0
0
0
0.32985
0
0.251849
0.160973
0.262799
1.664288
0.126831
0.373337
1.145418
0.400851
0.821543
0.913411
1.602216
0.572764
0.780562
0.754227
0
0
0
0
0
0
0
1.496522
3.644642
1.717631
1.324357
1.074396
0.193573
0.68816
0
0.366985
0.813769
0.669834
0.998021
0.672435
0.849754
0.088217
0.490024
0.310745
0.064388
0
0
0.184874
0.067736
0.315875
0.732636
3.231586
3.143
1.175398
1.270786
0.119542
0
1.019421
0.481471
0.612524
0.375141
0.590604
0.787713
0.058906
0.68935
0.95368
1.11631
0.900792
0.536064
0
0
0
0
0
0.174231
2.054924
3.137719
0.273979
0.175417
0.874667
0.119338
0.261344
0
0.771055
0.721986
1.40051
0.960039
0.743255
1.103243
0.700264
0.853536
0.454309
0.948414
0.363641
0
0
0.007092
0
0
0.922746
1.559652
1.512397
0.134849
0.020789
0
1.741452
0.571097
0.966611
0.299292
0.645947
0.299463
0.245771
2.510679
1.187448
0.021311
0.690656
0.524694
0
0
0
0
0
0
1.108612
2.460737
2.174351
0.96868
0.149988
1.345967
0.674018
0.270465
0
0.561386
0.316925
0.342138
0.813442
1.57905
0.40161
1.00479
0.652897
0.808718
0
0
0.14911
0.209179
0
0
0.743648
1.831069
0.632061
0.799768
0.832933
0.438034
0
0.387349
0.701449
1.119092
2.199699
0.83249
0.533211
1.954903
0.907773
0.827288
0.663123
0.553436
0
0
0
0
0
1.680329
3.044933
2.646546
1.193774
0.511676
0.625714
1.795573
1.039718
0.271079
0
0.485385
0.692933
0.550603
1.37028
0.793848
1.177808
0.388612
0.833945
0.954594
0
0
0
0
0
0
2.787956
2.796065
0.771065
0.145723
0
0.331765
0.129742
0.547125
0.291352
0.716024
0.923419
0
1.039669
0.718019
2.031855
0.528559
0.77252
0.407574
0
0
0
0
0
0
2.68628
3.974956
2.099163
0.797773
0.504189
0.158622
0.678208
0.385131
0.126284
0.311905
0.893375
0.11088
0.935325
0.228233
0.12392
0.905357
0.989667
1.011204
0.007056
0.431808
0
0
0.43967
0
0.400179
6.324231
2.187218
0.218016
0
0.624264
0
0.113355
0.351656
0.810191
0.251496
1.045354
0.978932
2.138335
0.857263
0.893276
0.856743
0
0
0
0
0
0
2.211078
4.00475
1.950169
0
0.544574
0.238909
0.305674
0.609701
0
0.539697
0.355443
0.287995
0.011104
0.573112
1.974263
2.811127
1.814187
1.108034
1.16073
0.245539
0
0
0
0
1.337556
3.6846
1.955331
2.626529
1.035854
0.39663
0.893947
1.039841
1.121886
0.096483
0.503755
0.508462
0.644249
0.521853
0.22902
0.38951
0.294555
1.19294
0.436365
0
0
0
0
0.235656
0
0
0
0.690928
1.289402
1.447594
0.69191
0.612329
0.779373
0.055766
0.93679
0
0.398134
1.188259
1.491322
1.85379
0.352189
0.196108
0.00287
0
0
0
0
0
0
2.290337
2.37285
2.288963
0.444372
1.244783
0.445292
1.160533
0.714414
0.319125
0.65419
0.327655
1.442483
0.85217
1.25842
0.78602
0.663783
0.875168
0.370959
0.400103
0
0
0
0
1.076458
0.935328
1.468938
1.711744
0.431683
0.52746
0.516943
0.574092
0.892403
0.268581
0.803124
0.96541
0.318268
0.269124
0.851268
1.475246
1.13374
0.215129
0.461729
0
0
0.006139
0
0
1.286357
2.402208
4.009913
1.724805
0.87929
0.413189
0.277003
0.853333
0.256967
0.300063
0.993516
1.167968
0.790728
0.14774
1.232638
1.710364
1.620981
1.051361
0
0
0
0
0
0
0
2.056099
2.396306
1.283302
0.462681
0.232921
1.004719
0.15415
0.838818
0
0.382957
0.268049
0.363506
1.579099
1.712913
0.730915
0.650358
0.416019
0.449945
0
0
0
0
0
0.433777
5.848381
2.1005
2.062382
0.940512
1.42684
0.638684
0.548326
0.15372
1.860959
0.541402
1.389848
0.332614
1.328719
0.943603
0.51228
1.132443
0.305963
0.479194
0
0
0
0
0
0
0
0
0
0.167233
0.394921
0.042039
1.988263
1.191492
0.756515
1.298244
1.255243
1.136282
0.345572
0.598961
1.664427
0.989201
0.487914
0
0.082926
0
0
0
0
0.521726
1.551367
0.78387
1.03994
0.413907
1.289476
1.155152
1.44451
0.420269
0.596783
1.672629
0.767461
0.17246
0.024473
1.226931
1.033096
0.406803
0.069905
0.20764
0
0
0
0
0.726316
0.93449
2.009338
2.707946
1.483902
0.606579
0.174022
0
0.227344
0.879916
0.036858
0.656806
1.291095
0.992669
1.043168
0.718869
0.839455
0.288974
0.434116
0.126013
0
0
0.060325
0
0
1.231741
4.792089
4.27534
0.808127
0.145459
0.600759
0.408193
0.178565
0.408146
0.228033
1.265104
0.67792
1.629486
0.334165
1.17433
1.855786
1.43801
0.270429
0.176784
0
0
0
0
0
2.349204
4.017801
6.268782
1.371497
1.415944
1.204752
0.909242
0.620087
0.148964
0.899172
1.872415
0.29772
0.645546
0.992677
1.421379
0.652059
0.999629
0.523758
0.31638
0.060751
0
0
0
0
0.538323
4.377554
4.44665
1.043635
1.056233
1.396556
1.270917
1.336167
0.512475
1.152781
0.817787
0.661214
0.135642
0.181777
1.208633
1.600855
0.67518
1.119176
0.011701
0
0
0
0
0
0
3.603173
4.043701
1.938698
0.645573
0.62461
0.20483
0
0.645801
0.527716
0.213314
1.142191
0.528784
0.505748
0.885205
1.759283
0.561658
1.044874
0.022671
0
0
0.53852
0
0.400418
0
0.514936
4.361233
2.690601
2.610089
1.402673
1.572373
0.833365
0.358199
1.20598
0.953644
0.673532
0.919174
1.362713
0.286036
1.427703
0.735672
0.221559
0.297774
0
0
0
0
0
0
1.778017
3.014194
2.224244
1.044309
0.260039
1.418239
0.163166
1.195332
0.33984
0.824148
1.630504
1.403636
2.734935
2.413924
1.331129
1.749913
1.665455
0.04988
0
0
0
0
0
0.642789
3.230255
3.98137
0.941999
0.032045
0
0.648934
0.212475
0.958834
0.720171
0.686779
0.975708
0.698936
0.377307
1.405809
0.643577
0.935127
1.528146
0
0
0
0
0
0
0.557353
3.707774
3.666857
1.665316
1.855486
0.712014
0.072577
0
0.125782
0.281167
0.391469
0.23996
1.730816
0.771289
1.004497
1.187934
1.159885
1.32674
0.472874
0
0
0
0
0
0.117572
3.578268
6.272194
2.261504
1.155319
0.515504
1.28391
0.894028
1.185648
0.535468
0.651549
1.47676
0.414722
0.873612
0.15087
0.841556
1.239429
1.845391
0.274943
0
0
0
0.038662
0.068951
0.578383
5.44302
4.505606
1.401772
0.505108
1.171863
0.519865
0.882954
0.524081
0.565852
0.614969
0.850684
1.094536
0.785371
0.76047
0.90392
1.188942
0
0.107682
0
0
0
0
0.262162
0
2.54631
4.167396
1.635114
0
0.82551
0.704464
0.115094
0.640465
0.926514
1.04978
0.349147
0.863448
0.314412
2.130063
1.606185
1.636102
0
0.212833
0
0
0
0
0.220591
2.371615
1.288748
1.48395
0.821157
1.108684
0.883384
0.488408
1.409045
1.678817
0.930543
0.382111
0.390832
0.156167
0.945051
2.696142
1.974362
1.243091
0.776349
0.022963
0
0
0.413216
0.460815
0
1.604285
2.312227
3.580228
1.068029
0.799897
1.314153
1.216217
1.769917
1.438117
1.120849
1.304638
2.074672
1.275262
0.159626
2.412876
1.600913
0.535347
0.362828
0.7756
0
0
0
0
0
0
0.21464
3.813417
1.440943
0.706035
1.020433
1.999319
0.009539
1.016759
0.600595
1.066068
0.259662
0.910262
1.339542
1.745103
1.173397
0.494576
0.413944
0.056831
0
0
0
0
0
4.491026
4.878985
5.026107
0.963366
0.68668
0.37142
0.955485
0
0.390099
0.118625
0.435407
1.220048
0.566524
0.406211
1.446371
1.361497
0.714801
0.520764
0.331208
0
0
0
0
0
0
1.629854
4.933101
0.241612
0.524225
0.239357
1.474021
0.929318
0.538332
1.485128
0.793812
0.435417
0.534654
0.938119
3.991858
1.139778
1.07329
1.564748
0.650638
0
0
0
0
0
0.389119
3.573994
3.058523
2.336226
1.77365
0.509475
1.0634
0.753123
0.323374
1.702657
0.6864
1.467081
0.996867
0.577491
0.31327
2.411151
1.147563
0.27049
0.150717
0
0
0
0
0
0
1.225616
1.672071
0.270424
0
0.366742
1.754836
1.748741
0.492194
1.349445
1.434998
0.445226
0.313158
1.466607
1.863348
1.285153
0.807369
0.478966
0
0.092905
0
0
0
0
0
0.804721
1.833872
2.020189
0.77725
0.912993
0.892308
0.881328
0.620764
0.020099
0.988225
0.967126
0.812876
0.195688
0.535943
0.34263
0.535797
0.295742
0.308494
0
0
0
0.392305
0
0.729051
0
1.199268
2.545536
1.819927
0.623005
0.389858
0.531944
0.345809
0.174469
1.168325
0.38919
0.482577
0.75038
0.746035
0.971218
1.051553
0.904487
0.210094
0.138373
0
0
0
0
0.261303
4.310062
3.372073
2.20045
1.615934
0
0.041532
0
0
0
0.319188
0.264697
0.220996
0.425941
1.863748
1.267775
0.990898
0
0.355004
0
0
0
1.303362
0
1.924164
3.100657
3.553959
1.071632
0.289301
0.066153
1.47774
1.035094
0.494917
0
0.460284
0
1.047706
1.704957
0.89744
1.584274
0.969709
0.815141
1.505424
0
0
0
0
0
0
3.530871
2.91911
0.75812
0
0
0.168943
0.307395
0.264734
0.559
0.121178
0.381884
0.938601
1.700895
0.065972
0.872866
2.031655
0.558732
0
0
0
0
0
0
0.409677
4.396065
3.205154
1.554229
0.175646
0
0.158137
0.723473
0.748917
0.313945
1.407042
0.872184
1.373903
1.228263
2.02483
1.045093
1.599613
0.535653
0.888591
0.195351
0
0.251081
0.506662
0
1.595841
2.988513
4.714036
1.26727
1.026333
0.250608
0.480632
0.417615
0.343249
0.004527
0.235724
0.303177
1.878261
0.565618
2.233108
1.762893
1.881932
0.642664
0.024791
0
0
0.112947
0
0.21489
1.392954
3.555927
2.856063
1.37557
0.700918
1.197369
1.399712
0.57735
0.88547
0.192761
0.635187
0.428588
0.920899
1.640651
1.714637
2.655108
1.567649
0.290296
0.64312
0.050475
0
0
0
0
0.218669
4.720558
2.695806
1.45389
2.429341
0.389449
0.747792
0.829833
1.304063
1.250709
0.33173
0.806137
0.719598
0.438455
2.143791
2.639295
1.21407
0.488052
0.043424
0.355078
0
0
0
0.30147
0
0.518736
1.476547
2.400459
0.755867
0.486485
0.868934
0.430228
0.24986
0.228422
0.344233
0.560444
0.455643
1.535001
2.14035
1.929493
1.021921
0.944946
0.603576
0
0
0
0
0
1.953807
4.077303
1.373833
0.306484
0.44674
1.295989
0.879475
0.318452
0.199942
0
1.938293
0.935371
0
1.040134
1.784407
2.139053
1.169311
0.409519
0.347054
0
0
0
0.561788
0
2.290649
2.344341
4.090044
0.359436
0.160388
0.4006
0.695615
0.667445
0.41964
0.423542
0.327578
0.871509
0.935635
1.441559
0.925372
2.439664
0.783966
0
0.21663
0
0
0.221623
0.092202
0.898298
3.761997
4.388343
6.399445
1.968134
1.101792
0.27946
0.298074
0.560584
0.695491
0.14477
0.898248
0.973585
0.762123
0.392685
0.990525
0.331201
1.049361
0.166177
0.412606
0
0
0
0
0
4.929681
6.462506
3.237049
3.597202
1.115489
0.238135
2.129849
2.508035
0.397609
0.072967
0
0.523904
0.59354
0.694353
0.428561
2.289506
1.382129
0.160325
0.593607
0
0
0
0
0
2.290539
1.959785
0.840536
1.353071
1.454436
0.725414
0.824839
2.036788
0.41569
0.810133
0.847814
0.82593
1.129028
0.748856
0.264026
1.162404
1.746209
0.195908
1.067269
0
0
0
0
0
0.180875
4.296937
2.794032
2.068477
0.328524
1.77809
1.116142
0.494912
0.711236
0.931025
1.811225
0.869046
0.674221
0.712377
1.291819
0.545888
1.232041
0.263422
0.953033
0
0
0
0
0
1.659515
2.726613
3.594689
2.53814
1.072524
0.584453
1.251336
0.325914
0.333109
0.185598
0.188625
0.701919
0.206738
0.421402
2.273257
1.729217
0.181
1.204824
0.425224
0
0
0
0
0.102048
0.733539
0
5.548905
3.818862
1.084515
0.820535
0.789003
1.222568
0.657897
0
1.985526
0.289202
1.363715
0.882044
1.181876
1.965237
1.152918
0.694648
1.114317
0.300184
0
0
0
0
0.807973
3.174119
4.975103
1.837311
0.258043
1.297058
0
0.145413
0
0
0
0.174579
1.215551
0.108884
0.976846
0.246577
1.662319
0.723907
0.09119
0
0
0
0
0.055675
2.609393
0.823095
3.75031
2.207462
1.115027
0.416271
0.32086
0.85254
0
0.570206
0.806116
1.648436
0.769974
1.117863
1.345989
0.495917
1.133321
0.186603
0.272516
0
0
0
0.055644
0
0
1.748943
4.061253
2.50808
0.864999
0.698311
0.872558
0.881726
1.507748
1.30785
2.206011
0.256789
0.616589
1.385681
1.512635
1.685867
0.894411
0.947358
0.216515
0
0
0
0.227772
0
0.970255
3.695806
2.17672
1.984115
1.801604
0.988052
0.983087
1.935863
1.110441
0.382689
0.883615
1.499516
0.532583
1.597495
1.91113
1.358979
0.407675
1.0991
0.102458
0
0
0
0
0
0.401327
3.637167
2.820402
2.964293
1.321466
1.595103
0.489633
0.955688
0.791516
1.505107
1.260737
0.812771
0.706725
0.872144
1.568081
0.779731
0.898488
0.275771
0
0
0
0
0
0
1.193646
0.734553
3.866527
0.76864
1.38887
0.663419
0.802211
0.905866
0.992242
1.266169
0.864048
0.710935
0.64887
1.925469
0.948194
1.389155
0.135877
0.701084
0.126999
0
0
0
0
0
0
0
1.043249
0.451311
1.112425
0.13618
0.099895
1.050412
0.725358
0.327922
1.13637
0
0.437041
0.590024
0.851674
0.796983
0.498566
0.345205
0.437426
0
0
0
0
0
1.472368
3.423332
3.722448
2.562581
1.525165
0.925051
0.722422
0.892842
0.39417
0.997534
0.247959
0.357426
0.438307
0.956185
0.655351
1.819503
0.29367
0.706809
0
0
0
0
0
0.007053
2.192922
9.479029
7.696784
0.209473
1.344608
0.813118
0.285892
0.526369
0.257835
0.557147
0.504903
0.748594
0.681514
0.92769
1.036223
0.667897
1.074153
0.14076
0.924288
0
0
0
0
0
0.23558
4.093424
3.930651
2.273057
0.615483
0.316057
0.436791
0.678459
0.267144
0.059703
0.91234
0.670717
0.633585
1.636379
1.908574
0.803802
1.181865
0.659721
0.081728
0
0
0
0
0
0.303557
0.95235
5.266803
1.661506
1.085209
0.784791
1.414044
1.392388
0.612063
0.966489
1.127366
0.289452
0.486562
0.27409
0.884768
1.464353
0.683704
0.306347
0.407295
0
0
0
0
0
0
0
1.715416
2.140959
0.767133
0.928009
0.275083
1.544422
0.768976
0.720108
2.063876
1.050859
0.206973
0.94783
0.755455
1.436192
0.379966
0.101988
0.610261
0
0
0.092939
0.097769
0.43273
0.034746
4.188391
4.030719
1.979255
0.308792
0.115639
1.044855
0.67966
0.585522
0.250673
0.598402
1.437767
0.218603
0.180319
0.494346
0.528242
1.599748
0.539972
0.496481
0
0
0
0
0
0.355608
3.230614
1.961088
0.454033
0.201006
0
0
0.232413
0.209619
0.55798
0.881084
0.4831
0.369872
0.635937
1.086051
2.761224
0.989329
1.07782
0.194959
0
0
0
0
0
0
1.053357
1.762237
0.420391
0
0
0
1.320856
0.92415
0.709339
0.8993
0.883835
0.567561
0.857418
0.815807
1.23029
1.542554
1.601966
0
0
0
0
0
0
0.736126
0
1.870029
1.626632
0.646251
0.072246
0.167551
0.442032
0.409628
1.067054
0.297744
0.549575
1.001335
1.757179
2.758566
1.048826
2.297491
0.46487
0.267067
0
0
0
0
0
2.839933
1.663236
3.041265
0.538255
0.842913
0.679348
1.343685
1.484652
0.427268
1.06307
2.169617
1.099803
0.800078
0.633994
0.470656
0.986657
0.636708
1.369189
0.087021
0
0
0
0
0.130138
0
0
3.161865
1.546132
1.241523
0.559283
1.127618
0.703469
1.02867
0.813415
0.896046
0.88269
1.265326
1.19462
2.782996
1.540525
0.416852
0.287661
0.096652
0
0
0
0
0
0
0.189093
1.238013
0.996714
1.467404
0.600558
1.273861
1.288637
0.480136
0.179614
0.56039
1.023963
0.579757
0.24573
0.424217
1.333541
1.172682
0.88383
0.364944
0
0
0
0
0
0
0.328737
1.2253
1.792903
0.611223
1.402196
0.440366
1.389574
1.284141
1.464307
0.41703
0.935467
0.587652
1.360559
1.948321
1.890288
1.064036
0.310421
0.587208
0
0
0
0
0
0.362956
0.945895
4.11218
1.427224
1.375361
1.090163
0.442485
1.93371
0.873068
0.86243
1.489288
0.41164
0.127405
1.916398
2.220541
0.558231
0.800482
0.925348
0.442746
0
0
0
0
0
0
8.189022
5.182273
1.307103
0.891974
0.293148
0
0.193098
0
0
0.413752
0.416824
0.588079
1.285941
1.408531
0.334334
1.73493
1.826199
0.093046
0
0
0
0
0
0
1.182477
5.655433
2.788601
0.125752
0.571673
0
0
0.764971
0
0.613858
1.618755
1.3441
0.840695
1.033915
1.743908
1.550985
0
0.468257
0
0
0
0
0
0
2.243377
3.320073
2.309146
0.863621
0.488579
0.282099
1.364545
1.774905
0.919367
0.256977
0.613598
0.344717
0.169631
2.708102
1.895427
0.125301
0.673009
0.062285
