207.8
207.2
206.4
205.8
203.6
208.1
211.9
200.1
202.2
204.1
193.6
195.5
197.5
193.9
193.8
198.1
201.1
219.1
216.6
208.4
211.1
211.2
212.1
210
251.4
202.3
202.4
203.2
200.4
201.3
205.8
198.6
197.5
189.3
185.9
185.3
178.7
181.9
186
186.2
187.7
205.8
209.5
211.5
215
213.9
212.6
211.9
207.4
206.4
207.7
431.9
341.9
576.3
984
988
1001.8
1012.8
976.5
981.8
984.7
1007.6
969.5
953.2
731.6
911
901.8
669.4
303.9
220.2
217.7
208.9
218.5
211.4
211.7
211.5
386.2
597.3
919.7
953.8
964.3
974.9
998.2
992
980
977.1
987.8
961.1
913.2
860.2
819.7
749
326.7
241.3
242.3
240.7
235.2
236
236.6
236.6
409.7
657.7
1004.1
1042
1064.8
1081.7
1091.6
1097.8
1088.9
1071.1
1032.8
1022.7
959.6
898.2
822.1
734.5
480.4
362.8
361.5
264.3
240.4
237.5
239.9
253.1
434.2
720.7
1002.1
1035
1066
1023.1
1013.7
1044.5
1053.4
1032.5
992.2
983.2
990.4
1013.4
921.5
628.9
290.7
248.9
251.5
258.3
240.6
240.8
240.3
250
432.5
730.3
976.6
1006.8
1023.2
1051.7
1043.2
1052.8
1053.1
1029.3
988.7
993.4
916.3
869.6
753.6
628.1
284.3
248.1
252.8
253.5
250.3
245.2
242.1
243.9
247.2
322.4
477
580.9
511.6
585.4
571.3
573.2
566.3
574
583.2
570.9
574
566.6
291.4
290.1
280.3
251.1
255.6
253.3
242.1
241.3
241.1
240.7
236.9
239.7
246.4
232.4
230.8
218.7
214.4
215.2
212.5
212.6
214.4
220.9
226.3
244
245.1
244
244.9
248.8
255
249.5
241.7
243.4
268.9
392.6
357
716.9
966.5
1010.5
1020.8
1029.7
990.5
984.2
996.5
974.6
985.1
962.3
974.3
1034.2
905.7
623.6
281.8
245.7
251.7
254.9
242.6
242.6
242.2
264.6
419.6
751.4
1012.8
1058.6
1071.9
1057.6
1067.5
1059
1060.7
1052.6
1037.4
1007.9
922
898.5
833.1
642.5
285.2
251.1
251
255.7
248.8
248.1
247.3
260.5
411.3
722.4
1004.9
1022
1072.4
1058.3
1079.1
1039.1
1034.1
1032
994.5
983.6
921
878.1
771.4
659.6
382.1
353.8
314.9
249.6
238
239
237.8
260.5
388.4
731.1
966
1008.1
1033.5
1051.5
1049.8
1055.8
1062.8
1036.1
1012.1
982.2
992.4
1032.7
918.7
633.9
291.8
255.1
258.1
268.5
251.8
249.7
250.6
273
446.4
744.4
960.9
1005.4
1039.1
1044.4
1036.2
1024.5
1057.3
1056.7
1016.1
998.1
937.9
872.9
774
663.1
286.8
252
253.5
250.3
242.8
242.1
242.4
240.2
243.2
302.3
455.2
596.4
512.5
567
579.6
574.3
568.8
561.1
559.5
558.9
564.1
541.2
288.4
291
282.8
251.9
257.6
275.7
249.2
247.2
247.3
247.4
247.4
249.3
250.5
242.1
241.9
231.2
243.6
247.1
246.3
253.5
255.7
254.4
260.5
279
275.3
273.1
273.8
272.7
269.3
264.9
254.7
254.6
285.2
424
374.5
711.5
948.6
968.7
995.3
996
1008.7
1007.2
1011.1
984.4
951
932
907.9
931.9
853.1
624.4
281.9
245
247.9
253.7
239.9
234.1
234.5
247.7
407.7
668.9
912
942.4
849.1
797.8
759.7
1011
1107.5
1082.8
1041.7
1031.7
1082.4
992.4
912.4
707.1
312.6
274.5
273.6
273.5
264.9
264
264.7
276.4
518.1
863.7
1138.1
767.8
804.7
804.9
821.8
944.8
1389.5
1320.4
1264.8
1198.7
1073.5
988.9
896.3
716.2
437.2
368.2
365.4
263.2
254.7
255.3
255.6
272
501.4
820.8
1101.5
1140.5
1201.5
1056
1008
1178.8
1230.4
1265
1231.9
1192.1
1189.2
1232.9
1115.1
811.5
411
318.5
291.1
296.7
274.9
270
267.1
284.9
429.4
847.7
1053.4
866.4
882.1
956.4
915.6
918.3
1041.6
1072.2
1145.1
1122
1058
995.1
824
642.8
293.5
250.1
248.3
250.2
242.2
243.1
241.3
241.1
242.5
273.2
508.2
548.7
568.4
605.8
609.4
606.6
590.3
605.6
578.5
580
582.6
578.6
282.3
275.7
266.9
240
246
263.3
237.4
236.7
236.4
235.8
236.3
238
239.7
228.2
226.5
215.4
212.3
212.8
213.7
213
214.8
223.2
243.7
257.6
258
261.5
261.2
264.4
267.4
266.2
261.9
258.9
283.5
357.5
413.7
823.9
1102.1
1132.8
1158.3
1176
1180
1128.3
1128.1
1161.4
1149.6
1144.5
1159.3
1172.4
1041.3
674.7
307.8
269.8
267.5
265.7
257.7
255.8
255.5
275.5
411.9
848.6
1094.5
1123.7
1154.5
1152.4
1167.3
1166.4
1178.4
1177.8
1147.2
1134.9
1070
1005.3
929.3
664.8
318.5
278.2
279.6
277.5
272.4
276.2
275.5
293.8
406.7
879
1149.2
1191
1205.3
1215.3
1195.9
1181.3
1196.4
1172.7
1136.5
1126.8
1082.3
1007.9
893.3
707.1
363.8
342.7
337.3
279.7
270.2
268.6
270.7
282.3
387
886.1
1146.3
1160.1
1145.4
1116.7
1086.8
1063
1063.8
1035.3
983.3
951.9
943.2
954.8
927.1
632.3
281.4
248.7
250.6
254.7
249.3
246.2
248.8
275.9
364
770.7
1033
1044.3
1071.8
1057
1064.9
1089.7
1113.4
1110.7
1085.4
1069
1019.9
940.7
806.1
631
297.5
259.1
256.7
256.2
250.1
247.5
244.1
242.1
241
270
483.2
493.4
494.9
526
519.5
488.2
440
425.8
490.8
504.6
478.1
477.9
256.7
254.2
252.5
245.4
254.7
265.4
244.3
245.3
245.7
247.7
252.5
254.7
257.1
248.6
243.6
231.3
234
237.7
247.6
252.5
249.3
254.6
263.3
286.2
285.4
280.1
279.3
274.2
274.9
275.6
270.6
270.2
289.3
330.1
354
721.4
960.5
975.8
1010.4
1016.8
1036.4
1013.1
1003.5
992.3
960
935.5
932.4
944.1
860.6
604.7
287.6
249.2
252.5
261
263.7
262.4
255.1
275.9
358.5
752.2
1022.6
1049.9
1067.4
1042
1031.2
1037.3
1029.7
993.3
952
928.1
857.1
829.7
796.8
582.9
261.7
229
228.5
231.7
227.3
227.2
227.9
247
320.3
722.1
1006.6
1041.6
1046.8
1049.7
1033.2
1014.9
1055.9
1077.7
1077.8
1085.2
1047.2
999.4
865.6
670.4
355.5
289.4
276.7
230.9
213.9
215.2
213.3
229.9
299.3
661.4
923.7
955.8
970.4
979.9
955.9
996.5
1060
1043.3
1065.2
1061.7
1075.2
1096.3
1019.3
665.2
331.6
276.1
269
282.3
260
256.7
258
268.3
422.5
780.8
1046.2
1075.2
1099.2
1036.7
1052.8
1040.8
1046.1
1095
1069.5
1049.4
962.8
883.5
803.1
665.5
327.2
290.4
291.5
290
283.3
283.8
283
284.2
286.4
341.6
524.8
596.2
594.3
639.9
639.5
666.8
659.2
678
659.1
680
669.2
651.9
354.9
351.9
332.6
297
294.7
306.3
272.8
266.1
266.6
263.5
261.9
260.7
260.7
251.9
251.1
240.7
239.6
239.9
239.3
235.9
243.1
248
253.4
274.4
276.1
278.8
284.7
282.6
283.2
288
283.3
291.5
317.1
356
421.5
852.3
1108.5
1119.5
1136.6
1112.2
1096.1
1097.5
1114.4
1135.3
1081.8
1130.1
1151.8
1184.2
1077.2
710.7
392.6
341.8
341.3
342.9
331.2
324.5
315.1
324.3
412.6
752.9
933.8
928.8
953
946.9
930
917.2
931.2
929.2
947.5
936.3
900.5
846.2
777.2
590.5
290.8
257.8
261.7
258.6
249.4
248.6
248.7
265.1
347.2
680.7
928.2
958.1
978.4
972.6
978.4
1024.525
1168.975
1150.7
1118.4
1098.575
1031
968.575
856.65
688.325
384.65
338.525
323.575
255.85
244.2
244.525
244.35
261.175
394.025
774.85
1034.375
1066.125
1087.7
1051.025
1025.125
1073.525
1104.25
1094.925
1073.125
1046.975
1050
1079.175
995.05
685.725
328.95
274.6
267.2
275.55
259
255.65
256.125
275.525
415.575
785.9
1023.375
997.825
1023.05
1023.625
1017.375
1018.325
1064.6
1083.65
1079.025
1059.625
994.65
923.05
801.8
650.6
301.25
262.9
262.5
261.675
254.6
254.125
252.7
251.9
253.275
296.775
492.85
558.675
542.525
584.675
587
583.975
564.575
567.625
571.975
580.875
573.5
562.4
295.575
293.2
283.7
258.575
263.25
277.675
250.925
248.825
249
248.6
249.525
250.675
252
242.7
240.775
229.65
232.375
234.375
236.725
238.725
240.725
245.05
255.225
274.3
273.7
273.375
274.75
273.475
273.7
273.675
267.625
268.8
293.775
366.9
390.925
777.275
1029.925
1049.2
1075.15
1075.25
1080.3
1061.525
1064.275
1068.35
1035.6
1035.525
1037.85
1058.15
958.05
653.625
317.475
276.45
277.3
280.825
273.125
269.2
265.05
280.85
397.675
755.65
990.725
1011.2
1006
984.775
972.05
1032.975
1061.7
1045.775
1022.1
1007.75
977.5
918.4
853.925
636.325
295.9
259.875
260.85
260.325
253.5
254
254.2
270.575
398.075
786.375
1055.525
989.625
1008.8
1010.625
1007.325
1042.891667
1213.933334
1190.266666
1159.7
1136.899999
1067.666667
998.733333
885.066667
697.9
385.5
333.433334
326.466667
257.933334
246.266666
246.366667
246.533333
261.400001
395.900001
789.433333
1057.166667
1085.466667
1105.766666
1050.866666
1016.9
1079.433333
1118.066666
1114.533333
1093.466667
1068.566667
1069.2
1094.666667
1020.5
703
341.333333
281.100001
270.233334
277.9
261.4
257.633334
257.966667
276.366667
405.3
799.733333
1044.200001
995.3
1017.7
1016.7
1011.1
1016.266667
1067.033334
1092.633332
1100
1080.133334
1013.566667
939.766667
811.066666
646.433334
306.066667
266.533333
265.5
265.466666
258.533333
258.133334
256.133333
255.8
256.633333
294.933334
505.400001
546.1
552.533334
590.566666
589.466666
587.199999
563.166666
569.8
576.133334
588.2
576.633333
569.466667
297.966667
293.933333
283.999999
260.800001
265.133333
278.333334
251.5
249.366667
249.566666
249
250.233332
251.133333
252.5
242.9
240.4
229.133333
228.633333
230.133333
233.533334
233.800001
235.733333
241.933333
253.466667
272.733333
273.166667
273.466667
275.066667
273.733333
275.166666
276.6
271.933333
273.533333
296.633332
347.866666
396.400001
799.2
1057.033333
1076.033333
1101.766666
1101.666667
1104.166666
1079.633334
1082
1096.333334
1063.8
1070.033333
1081.166666
1100.233333
993.033333
663.366667
329.333333
286.933333
287.1
289.866667
284.2
280.9
275.233333
291.9
394.333333
784.566667
1016.966668
1034.133334
1058.3
1047.100001
1042.833333
1040.3
1046.433333
1033.433333
1015.566666
999.766667
942.533334
893.733333
834.433333
612.733334
290.333333
254.999999
256.6
255.933333
249.700001
250.666667
250.699999
268.633333
358.066666
760.6
1028
1063.566667
1076.833333
1079.200001
1069.166666
1084.5
1126.15
1125.2
1107.15
1106
1064.75
1003.65
879.45
688.75
359.65
316.05
307
255.3
242.05
241.9
242
256.1
343.15
773.75
1035
1057.95
1057.9
1048.3
1021.35
1029.75
1061.9
1039.3
1024.25
1006.8
1009.2
1025.55
973.2
648.75
306.5
262.4
259.8
268.5
254.65
251.45
253.4
272.1
393.25
775.75
1039.6
1059.75
1085.5
1046.85
1058.85
1065.25
1079.75
1102.85
1077.45
1059.2
991.35
912.1
804.6
648.25
312.35
274.75
274.1
273.1
266.7
265.65
263.55
263.15
263.7
305.8
504
544.8
544.6
582.95
579.5
577.5
549.6
551.9
574.95
592.3
573.65
564.9
305.8
303.05
292.55
271.2
274.7
285.85
258.55
255.7
256.15
255.6
257.2
257.7
258.9
250.25
247.35
236
236.8
238.8
243.45
244.2
246.2
251.3
258.35
280.3
280.75
279.45
282
278.4
279.05
281.8
276.95
280.85
303.2
343.05
387.75
786.85
1034.5
1047.65
1073.5
1064.5
1066.25
1055.3
1058.95
1063.8
1020.9
1032.8
1042.1
1064.15
968.9
657.7
340.1
295.5
296.9
301.95
297.45
293.45
285.1
300.1
385.55
752.55
978.2
989.35
1010.2
994.45
980.6
977.25
980.45
961.25
949.75
932.2
878.8
837.95
787
586.7
276.25
243.4
245.1
245.15
238.35
237.9
238.3
256.05
333.75
701.4
967.4
999.85
1012.6
1011.15
1005.8
1007
1055.9
1077.7
1077.8
1085.2
1047.2
999.4
865.6
670.4
355.5
289.4
276.7
230.9
213.9
215.2
213.3
229.9
299.3
661.4
923.7
955.8
970.4
979.9
955.9
996.5
1060
1043.3
1065.2
1061.7
1075.2
1096.3
1019.3
665.2
331.6
276.1
269
282.3
260
256.7
258
268.3
422.5
780.8
1046.2
1075.2
1099.2
1036.7
1052.8
1040.8
1046.1
1095
1069.5
1049.4
962.8
883.5
803.1
665.5
327.2
290.4
291.5
290
283.3
283.8
283
284.2
286.4
341.6
524.8
596.2
594.3
639.9
639.5
666.8
659.2
678
659.1
680
669.2
651.9
354.9
351.9
332.6
297
294.7
306.3
272.8
266.1
266.6
263.5
261.9
260.7
260.7
251.9
251.1
240.7
239.6
239.9
239.3
235.9
243.1
248
253.4
274.4
276.1
278.8
284.7
282.6
283.2
288
283.3
291.5
317.1
356
421.5
852.3
1108.5
1119.5
1136.6
1112.2
1096.1
1097.5
1114.4
1135.3
1081.8
1130.1
1151.8
1184.2
1077.2
710.7
392.6
341.8
341.3
342.9
331.2
324.5
315.1
324.3
412.6
752.9
933.8
928.8
953
946.9
930
917.2
931.2
929.2
947.5
936.3
900.5
846.2
777.2
590.5
290.8
257.8
261.7
258.6
247.737501
247.791667
247.974999
265.089583
359.272916
732.26875
994.78125
1002.785417
1019.158333
1018.393751
1015.172916
1039.729167
1141.239584
1135.966666
1115.7625
1106.668749
1052.654167
992.589583
871.691667
686.34375
371.325
319.352084
308.435417
249.995834
236.604166
236.997917
236.545833
252.143751
358.093751
749.858333
1012.560417
1041.335417
1055.441666
1032.522916
1004.81875
1044.802083
1086.054166
1073.014583
1064.010417
1046.010417
1050.9
1073.922917
1002.0125
675.66875
327.095833
273.550001
266.558334
276.0625
258.7625
255.358334
256.372917
273.072917
409.15625
785.545833
1038.343751
1032.01875
1056.3625
1030.96875
1035.03125
1035.160417
1064.370834
1093.533332
1081.49375
1062.089584
990.591667
914.604167
805.141666
652.695834
311.716667
273.645833
273.4
272.560416
265.783333
265.427084
263.845833
263.7625
265.002083
309.777084
506.762501
561.44375
558.489584
599.522916
598.866666
603.868749
584.135416
591.83125
595.539584
610.34375
598.245833
587.166667
313.560417
310.520833
298.212499
271.893751
274.445833
287.039584
258.44375
254.997917
255.329166
254.175
254.714582
255.052083
256.025
246.9375
244.90625
233.870833
234.352083
235.802083
238.252084
238.156251
241.439583
246.570833
255.110417
275.433333
275.929167
276.272917
279.129167
277.052083
277.779166
280.01875
274.952083
278.670833
302.677082
353.454166
399.143751
803.90625
1057.489583
1073.095833
1096.754166
1088.404167
1086.704166
1073.489584
1079.90625
1090.945834
1050.525
1067.114583
1078.229166
1101.683333
999.295833
671.347917
344.877083
300.170833
300.65
303.885417
296.49375
292.0125
285.120833
299.2875
397.539583
761.416667
979.922918
990.870834
1006.875
993.306251
981.370833
991.93125
1004.945833
992.414583
983.729166
969.004167
924.833334
874.070833
813.139583
606.564584
288.320833
254.018749
256.0625
255.002083
247.183334
247.522222
247.733333
265.086112
363.297222
749.458333
1016.975
1017.680556
1032.744445
1033.658334
1027.430555
1044.797222
1131.994445
1131.055555
1114.883333
1109.366666
1059.872222
1000.594445
876.705556
685.683334
366.883333
312.961112
303.388889
248.044445
234.072223
234.48889
233.944445
249.133334
346.116667
741.527778
1005.288889
1033.072222
1044.688888
1026.355554
998.05
1035.227778
1079.988888
1065.71111
1060.972222
1045.688889
1051.199999
1072.172223
1004.333333
672.316667
326.477778
273.200001
266.344445
276.233333
258.683334
255.261111
256.455556
272.255556
407.016666
785.427777
1043.333333
1043.416666
1067.466666
1033.416667
1040.916666
1040.772222
1064.294445
1096.827777
1082.316667
1062.911111
989.238889
911.78889
806.255556
653.394445
315.205555
277.227778
277.033333
276.18889
269.51111
269.194444
267.56111
267.716667
268.911112
314.111111
511.400001
562.366666
563.811112
604.472222
602.822222
610.5
590.655555
599.9
603.394446
620.166666
606.494444
595.422222
319.555556
316.294445
303.049999
276.333333
278.177778
290.161111
260.95
257.055556
257.438888
256.033333
256.444444
256.511111
257.366667
248.35
246.283333
235.277778
235.011111
236.277777
238.761112
237.966668
241.677778
247.077778
255.072222
275.811111
276.672222
277.238889
280.588889
278.244444
279.138888
282.133333
277.394444
281.961111
305.644443
348.972222
401.883334
812.783333
1066.677777
1081.061112
1103.955555
1092.788889
1088.838888
1077.477778
1085.116667
1098.477778
1055.5
1077.644444
1091.688889
1116.194445
1013.044444
677.255555
354.011111
308.077778
308.433333
311.572223
304.283334
299.616667
291.811111
305.433333
397.494444
763.338889
976.322223
984.094444
1007.166666
996.15
984.477778
978.25
986.027778
974.627778
970.938889
956.088888
907.277778
859.294445
799.544444
596.644444
285.794444
252.066667
254.466667
253.227778
244.024999
244.283333
244.500001
262.341667
345.908334
731
997.7
1031.708333
1044.716667
1045.174999
1037.483334
1045.75
1091.025
1101.45
1092.475
1095.6
1055.975
1001.525
872.525
679.575
357.575
302.725
291.85
243.1
227.975
228.55
227.65
243
321.225
717.575
979.35
1006.875
1014.15
1014.1
988.625
1013.125
1060.95
1041.3
1044.725
1034.25
1042.2
1060.925
996.25
656.975
319.05
269.25
264.4
275.4
257.325
254.075
255.7
270.2
407.875
778.275
1042.9
1067.475
1092.35
1041.775
1055.825
1053.025
1062.925
1098.925
1073.475
1054.3
977.075
897.8
803.85
656.875
319.775
282.575
282.8
281.55
275
274.725
273.275
273.675
275.05
323.7
514.4
570.5
569.45
611.425
609.5
622.15
604.4
614.95
617.025
636.15
621.425
608.4
330.35
327.475
312.575
284.1
284.7
296.075
265.675
260.9
259.55
259.55
259.2
259.8
251.075
249.225
238.35
238.2
239.35
241.375
240.05
244.65
249.65
255.875
277.35
278.425
279.125
283.35
280.5
281.125
284.9
280.125
286.175
310.15
349.525
404.625
819.575
1071.5
1083.575
1105.05
1088.35
1081.175
1076.4
1086.675
1099.55
1051.35
1081.45
1096.95
1124.175
1023.05
684.2
366.35
318.65
319.1
322.425
314.325
308.975
300.1
312.2
399.075
752.725
956
959.075
981.6
970.675
955.3
947.225
955.825
945.225
948.625
934.25
889.65
842.075
782.1
588.6
283.525
250.6
253.4
251.875
238.35
237.9
238.3
256.05
333.75
701.4
967.4
999.85
1012.6
1011.15
1005.8
1007
1055.9
1077.7
1077.8
1085.2
1047.2
999.4
865.6
670.4
355.5
289.4
276.7
230.9
213.9
215.2
213.3
229.9
299.3
661.4
923.7
955.8
970.4
979.9
955.9
996.5
1060
1043.3
1065.2
1061.7
1075.2
1096.3
1019.3
665.2
331.6
276.1
269
282.3
287.5
277.9
276.5
286.3
389.2
713
1014.3
1035.2
1076
1127.1
1117.2
1112.9
1117.9
1092.5
1038.5
1030.7
966.7
882.3
740.4
688
343.3
239.4
239.8
238
238.5
285.5
283.6
283.7
288.7
342.7
524.3
585.6
588.5
650.8
642.7
659.4
641.3
640.3
641.5
620.5
604.8
607.2
336.7
343.2
329.2
287.2
288.3
294.3
307.2
286.9
280.4
279.5
281.5
283.9
289.2
265.4
260.7
255.8
260.2
255.8
255.4
259.2
254.6
260.1
255.7
243.1
236.9
283.2
287.5
289.9
285.8
249.4
248.3
273.9
275.4
362.3
380.6
670.6
985.4
1044.5
1023.8
1037.1
1032.5
1035.5
1023
1012.2
984.5
981.1
971.1
986
913.3
683.3
377.6
356.6
327.9
316.4
305.8
296.8
290.5
287.7
391.8
645.7
892.1
893.9
916.4
920.4
915.9
906.3
904.5
901.3
885.8
892.6
858.6
803.8
769.8
665.6
298.9
240.8
229
236.2
232.5
232.5
236.7
241.3
331.5
621.5
905.5
931.7
947
964.7
947.5
959.2
954.6
945.7
919.9
901.9
881.7
813.2
703.6
713.8
440.2
339.6
333
272.7
262.1
252.2
254
261.6
365.3
647.9
920.1
918.6
938.8
963.1
922.6
954.9
935.9
1002.9
999.3
969.9
1007.6
1009.2
929.8
694.1
347.7
300.2
287
293.2
286.5
244.9
283.9
284.3
375
667.8
953.7
997.5
965.1
998.1
1016.7
1043.9
1070.6
1071.1
1079.7
1050.1
998.4
877.1
745.8
702
339.5
294.2
293.9
291.9
249.4
279.9
283.5
285.2
280.5
307.4
486
551.6
558.8
579.9
603
607.4
621.4
612.6
598.8
620.2
626.7
623.9
324
328.7
327.6
295.4
293.7
292
304.8
257.8
239
239.4
238.7
267.5
296.3
267.1
263.9
220.6
209.8
208.2
225.3
259.3
265.4
266.6
255.3
260.2
262.9
282.1
289.8
292.6
290.1
293.4
282.2
282
267.4
377.8
382.8
687.1
1019.4
1056.8
1072.6
1110.7
1088.2
1068.7
1085.7
1096.5
1081.2
1071.5
902.9
913.3
972.8
674.4
306.9
303
296.2
298.2
295
286.8
281.4
284.9
420.4
691.2
1025.8
1067.7
995.1
1020.1
1022
1038.9
1094.8
1059.3
1086.9
1056.5
1014.3
933
882.6
698.6
319
259.5
256.3
257.2
249.4
248.1
239.7
242.7
441
632.5
932.8
916.2
908.3
902.8
908.8
950.3
1002.9
992.7
953
962.4
911.4
788.5
713.5
714.2
383.8
339.3
313.9
256.6
232.4
216.6
216.1
213.2
310.4
583.1
880.6
884.5
869.1
872
878.5
893.3
903.5
933.9
935.2
906.6
898.1
906.6
836.8
664.8
279.2
238.6
238.8
240.3
256.9
226.4
224.2
224.4
333.1
496.2
548.9
567.3
572.2
565.9
566.1
561.7
560.7
581.3
567.8
579.5
540.2
542.5
440.9
436.1
261.6
235
238.7
238.9
230
229.1
229.7
231.7
230.6
254.2
411.6
519.4
488
505.9
544.8
543.3
552.5
568.7
588.5
604.8
630.7
647.5
287.1
282.7
281.2
239.6
240.9
240.2
255.2
228.9
229.3
226
226.5
226.8
228
205.1
201.9
201.6
205.9
207.5
208.7
210.1
210.6
210.3
212.7
213.9
213.2
224.5
239.2
239.2
240.5
240
233.7
231.8
236.8
399.2
383.8
605
693
739.2
711.9
741
747
759.5
781.3
774.1
798.2
804.6
800.3
823.8
757.6
460.4
283.2
244.5
248.2
249.2
245.1
232.1
228
227.1
390.6
679.1
1004.6
997.7
1008.1
1058.7
1071.1
1092.5
1103.3
1088.5
1068.1
1038.8
1002.6
902.1
906.2
726.5
322.1
249.5
247.9
248.8
239.1
236.8
235.8
235.1
382
700.4
1014.6
1028
1038.5
1063.2
1072.7
1088.6
1121.3
1116.8
1095.1
1053.8
988.8
884.8
755.6
684.4
414.5
351.9
335.5
255
243.8
232.9
232.8
233.2
381.9
694.6
986.3
1000.7
991.7
1031.7
1075.2
1088.5
1078
1073.4
1046.7
1019.6
1003.6
995
931.2
707.9
298.6
245.5
244.8
240.8
247.1
232.7
230.8
228.9
400.3
659.8
930.6
932.5
919
916.3
933.7
964.4
962.1
973.3
934.2
963.2
908.8
828.6
710.3
638
286.2
238.6
238.3
239.7
230.9
230.9
229.9
228
229
256.3
401.8
502.8
493.1
507.1
516.2
531.7
554.1
589.1
580.5
582.2
585.7
576.2
277.1
290
291
254.6
250.6
252.8
264.2
232.4
231.7
229.3
229.9
232.2
224.9
210.7
210.8
210.6
210.3
212.6
215.4
216.9
217.2
215.9
218.3
218.8
220.4
230
251
247.3
251.6
253.2
240
233.4
235
387.7
374.7
634.5
897
910.8
940.8
941.1
954.9
956.4
969.9
959.4
952.6
954.4
925.2
917.8
858.7
657.6
292.8
246
239.6
242
250.6
232.8
232.8
230.5
356.3
629.6
907.9
910.8
935.8
928.4
930.1
928.8
944.3
954.9
951.1
951
912.8
840.6
798.2
654
282.9
240.1
238.7
241.7
234.9
229.4
229.3
231.3
365.8
657.1
965
939.1
976.6
993.7
1019.2
1052.4
1063.2
1058.1
1051.7
1025.5
997.7
876.9
757.7
710.6
418.9
368.5
364.8
249.5
240.2
236.6
233.5
232.4
385.5
623.1
940.5
948.6
970
993.1
1031.1
1043.3
1061
1057.5
1043.5
1060.8
1070.6
1019.7
969.9
663.8
294.2
240.3
241.4
239.7
257.4
229.9
228.7
229
389.5
652.5
932.6
924.8
943.7
983.2
981.1
1001.4
996
1038.2
1025.1
1010.6
946
838.8
629.3
649.8
301.2
251.4
250.7
248
241.6
238.6
236.8
235.7
235.6
276.4
419
623.6
536.6
615.4
673.7
667.1
691.2
668.1
633.4
647.2
644.9
621.6
286.5
285.4
286.5
246.6
248.7
244.1
237.7
235.2
236.3
235.6
235.5
236.7
231.2
213.6
214.8
215.5
215
214.4
217.9
216.6
214.9
217.3
219.6
221.8
223.4
242.7
247.2
246.9
249.4
251.7
245.2
242.8
241.4
526
406.4
721.8
999.3
1029.1
1006.8
1038.1
1069.8
1044.7
1048.1
1104.8
1190.4
1167.5
1121.2
1135.4
1055.8
766
311.4
261.2
261
262.5
265.9
249.1
247.7
246
523.5
817.8
1044.5
1081
1049
1131.8
1095.625
991.625
1011.725
1001
997.975
984.725
947.075
869.875
839.2
686.175
305.725
247.475
242.975
245.975
238.975
236.7
235.375
237.6
380.075
652.875
954.475
953.75
967.6
981.1
987.05
1012.625
1035.5
1028.325
1004.925
985.9
944.9
840.85
732.6
705.75
414.35
349.825
336.8
258.45
244.625
234.575
234.1
235.1
360.775
637.175
931.875
938.1
942.4
964.975
976.85
995
994.6
1016.925
1006.175
989.225
994.975
982.625
916.925
682.65
304.925
256.15
253
253.5
261.975
233.475
241.9
241.65
374.475
619.075
841.45
855.525
850
865.875
874.4
892.85
897.35
915.975
901.7
900.85
848.35
771.75
631.575
606.475
297.125
254.8
255.4
254.625
237.975
244.625
244.975
245.15
243.925
273.575
429.6
549.35
519.125
552.075
584.425
587.375
604.8
609.625
600.3
613.6
622
617.3
293.675
296.7
296.575
259.05
258.475
257.275
265.475
238.575
234.075
232.575
232.65
240.8
245.1
224.125
222.85
212.075
210.25
210.675
216.825
225.725
227.025
227.525
226.475
228.675
229.975
244.825
256.8
256.5
257.9
259.575
250.275
247.5
245.15
422.675
386.925
662.1
902.175
933.975
933.025
957.725
964.975
957.325
971.25
983.7
1005.6
999.5
937.4
947.575
911.225
639.6
298.575
263.675
261.25
262.975
264.15
250.2
247.475
247.125
422.7
704.425
995.7
1014.3
997
1034.75
1031.166667
1020.066667
1047.466667
1034.233334
1035.366666
1015.433334
976.566667
891.9
862.333334
693.033334
308
249.700001
247.633333
249.233334
241.133334
238.1
234.933333
236.366666
396.266667
663.333334
970.8
961.100001
974.466667
986.566666
1000.233334
1030.433333
1062.466666
1055.866666
1033.266667
1013.9
965.966667
850.066667
742.266667
703.066668
405.733334
353.233333
338.066667
253.7
238.8
228.7
227.466666
226.266667
359.266667
633.600001
935.799999
944.6
943.600001
965.6
994.933334
1008.366666
1014.166667
1021.6
1008.466667
995.666667
990.766666
973.766668
912.633334
678.833333
290.666667
241.466667
241.666666
240.266667
253.8
229.666667
227.899999
227.433333
374.300001
602.833334
804.033334
808.199999
811.633333
821.800001
826.966667
842.5
839.600001
864.266667
842.366666
851.100001
798.333334
736.633333
593.5
574.633333
283
241.666668
242.566668
242.2
234.166667
232.866668
232.133333
231.8
231.733333
262.3
410.8
548.599999
505.900001
542.8
578.233334
580.699999
599.266667
608.633334
600.8
611.4
620.433333
615.100001
283.566666
286.033334
286.233334
246.933333
246.733333
245.7
252.366666
232.166666
232.433333
230.3
230.633334
231.900001
228.033334
209.8
209.166666
209.233334
210.4
211.499999
214
214.533333
214.233333
214.500001
216.866666
218.166667
219
232.4
245.8
244.466666
247.166666
248.299999
239.633333
236
237.733333
437.633333
388.3
653.766666
863.1
893.033333
886.500001
906.733334
923.9
920.2
933.100001
946.1
980.4
975.5
948.9
959
890.700001
628
295.8
250.566667
249.6
251.233333
253.866666
238
236.166666
234.533333
423.466668
708.833333
985.666667
996.5
997.633334
1039.633334
1034.583333
1010.65
1023.8
1021.7
1009.6
994.9
957.7
871.35
852.2
690.25
302.5
244.8
243.3
245.25
237
233.1
232.55
233.2
373.9
678.75
989.8
983.55
1007.55
1028.45
1045.95
1070.5
1092.25
1087.45
1073.4
1039.65
993.25
880.85
756.65
697.5
416.7
360.2
350.15
252.25
242
234.75
233.15
232.8
383.7
658.85
963.4
974.65
980.85
1012.4
1053.15
1065.9
1069.5
1065.45
1045.1
1040.2
1037.1
1007.35
950.55
685.85
296.4
242.9
243.1
240.25
252.25
231.3
229.75
228.95
394.9
656.15
931.6
928.65
931.35
949.75
957.4
982.9
979.05
1005.75
979.65
986.9
927.4
833.7
669.8
643.9
293.7
245
244.5
243.85
236.25
234.75
233.35
231.85
232.3
266.35
410.4
563.2
514.85
561.25
594.95
599.4
622.65
628.6
606.95
614.7
615.3
598.9
281.8
287.7
288.75
250.6
249.65
248.45
250.95
233.8
234
232.45
232.7
234.45
228.05
212.15
212.8
213.05
212.65
213.5
216.65
216.75
216.05
216.6
218.95
220.3
221.9
236.35
249.1
247.1
250.5
252.45
242.6
238.1
238.2
456.85
390.55
678.15
948.15
969.95
973.8
989.6
1012.35
1000.55
1009
1032.1
1071.5
1060.95
1023.2
1026.6
957.25
711.8
302.1
253.6
250.3
252.25
258.25
240.95
240.25
238.25
439.9
723.7
976.2
995.9
992.4
1030.1
1006.2
928.8
944.3
954.9
951.1
951
912.8
840.6
798.2
654
282.9
240.1
238.7
241.7
234.9
229.4
229.3
231.3
365.8
657.1
965
939.1
976.6
993.7
1019.2
1052.4
1063.2
1058.1
1051.7
1025.5
997.7
876.9
757.7
710.6
418.9
368.5
364.8
249.5
240.2
236.6
233.5
232.4
385.5
623.1
940.5
948.6
970
993.1
1031.1
1043.3
1061
1057.5
1043.5
1060.8
1070.6
1019.7
969.9
663.8
294.2
240.3
241.4
239.7
257.4
229.9
228.7
229
389.5
652.5
932.6
924.8
943.7
983.2
981.1
1001.4
996
1038.2
1025.1
1010.6
946
838.8
629.3
649.8
301.2
251.4
250.7
248
241.6
238.6
236.8
235.7
235.6
276.4
419
623.6
536.6
615.4
673.7
667.1
691.2
668.1
633.4
647.2
644.9
621.6
286.5
285.4
286.5
246.6
248.7
244.1
237.7
235.2
236.3
235.6
235.5
236.7
231.2
213.6
214.8
215.5
215
214.4
217.9
216.6
214.9
217.3
219.6
221.8
223.4
242.7
247.2
246.9
249.4
251.7
245.2
242.8
241.4
526
406.4
721.8
999.3
1029.1
1006.8
1038.1
1069.8
1044.7
1048.1
1104.8
1190.4
1167.5
1121.2
1135.4
1055.8
766
311.4
261.2
261
262.5
265.9
249.1
247.7
246
523.5
817.8
1044.5
1081
1049
1131.8
844.3
0
0
0
0
0
0
0
0
0
0
0
0
0
244.3
244.2
229.1
229.7
232.3
672.8
916.7
893
873.4
915.7
913.9
978.9
998.2
1013.1
996
961.9
889.7
802.7
737.6
691.4
269
251.6
255.8
258.8
252.2
237.5
235
235.6
239.4
714.1
924
909.4
878.2
900.3
923.9
966
981.2
1037
1066.1
1073.4
1058
1074
1026.6
738
292
255.8
251.3
248.5
268.3
238.4
237.4
239.1
241.8
661.8
891.2
931.7
920.1
980.8
1035.4
1077.6
1083.3
1102
1130
1131.5
1105.1
952.9
873
737.5
287.9
252.6
255.1
245.4
236.5
235.8
235.9
236.6
233.7
253.8
257
482.1
352.5
417.4
430
418.8
437.8
438.2
475.7
451.4
516.4
507.2
267.6
274.2
268
251
254.5
253.4
309.1
242.8
242.5
242
244.9
245
240.2
239.3
232.6
233.6
234.8
234.4
233
233.4
233.3
234.1
227.6
227.9
242.4
240.6
251.9
250.6
251.1
251.1
245
240.4
240.8
239.6
246.8
819.1
937.4
848.1
853.5
843.2
850.9
890.5
599.8
756
822.3
895.7
937.2
931.3
881.4
650.1
312.9
271.7
269.2
269
263.7
246.5
246.2
246.7
252
763.3
1046.1
985.6
972.3
912.3
989.9
992.3
998.3
1044.6
1033.9
990.4
916.3
823
833.9
715.6
277.7
244.9
245.8
242.5
236
235.2
234.5
232.6
239.4
720.7
914.9
834.7
955.4
949.9
978.1
1017.1
1049.2
1060.6
965.2
941.4
899
787.1
781.9
733.2
576.7
385.7
266.2
239.7
238.9
231.1
230.5
231.7
235
716.9
914
920.5
902.4
929
902.1
926.5
950
1006.7
929.9
943.4
923.2
888.3
906.3
673
273.7
248.6
253.7
250.4
271.9
240.3
237.8
235.7
238.7
719.6
865.9
878
882.2
913.2
955.4
973.5
973.7
1032.2
1045.3
1078.5
1045.3
942.1
819.5
720.7
280.1
246.8
252.8
252.8
245.3
244.7
239.1
236.3
237.6
251
249.3
529.8
431.6
430.4
468.4
423.7
480.7
485.5
487.1
489
489.6
485
269.5
274.7
273.7
253
253.1
254.6
291.2
238.3
237.9
238.4
238.2
232.4
223.7
223
220.1
219.5
219.2
227.8
243.3
243
243.1
243.3
242.6
244.1
246.4
256.3
258.6
267.5
266
262
254.9
252.4
241.5
237.8
245.4
821.4
989.9
991.2
906.9
935.8
979.4
987.9
1004.4
1029.9
1071.9
1095.4
1081
1104.5
1053.8
726.6
292.7
260.3
261.4
263.9
279.9
251.7
253.9
251.4
253
782.9
959.5
902.7
903.4
928.4
977.2
1034
1060.5
1075.5
1099.7
1083.3
1091.2
984.5
973.6
753.4
288.9
262.4
269.1
270.4
261.8
257.9
249.6
245.9
249.9
738.1
932.4
894.3
927.3
1006.2
1006.7
1064.4
1129.6
1180.2
1146.3
1155.2
1107.8
990.2
936.4
928.1
661.9
487.1
299.5
271.4
274.3
261.6
248
252.3
266.1
673.2
658.3
669.5
610.2
649.2
664
720.8
703.8
739.2
761.5
794.3
778.2
788.3
743.4
487.4
275
266.9
267.8
213.4
245.7
199.6
198
192.7
187.7
567.8
775.8
738.1
1076.5
1172
1148.4
1142.7
1176.2
1278.8
1223.3
1229.4
1200.5
1023.9
969.4
781.9
293.4
265.5
267.7
269.4
260.2
243.8
236.4
236
236.6
257.4
251.9
610
538.7
538.9
507.9
516.1
536.1
559.7
576.1
595.5
595.7
598
269.7
273.9
273.4
253.7
255.7
252.9
291.5
242.3
242.3
243
242.4
237.5
221.1
218.7
217.8
218.1
225.1
228.1
226.9
226.6
225.7
226.5
226.7
229.4
232.7
241
252.6
252.4
246.1
248.4
241
240.4
239.8
240.6
243
838.4
1006.2
1035.6
988.4
965.4
1010.3
1028.3
1056.3
1083.3
1103.2
1125.3
1120.2
1139.7
1070.5
729.8
283.7
257.5
263.7
265.6
266.4
251.5
251.2
250.1
253.1
756.9
981.5
968.5
968.4
995.6
1075.4
1078.6
1130.4
1133.7
1151.6
1141.1
1108.1
1007.2
995.7
770.3
294.5
260.1
262.5
263.9
253.6
251.1
250.6
249.4
258.7
767.3
977.6
959.5
983.2
1018.3
1044.7
1094.3
1211.9
1221.2
1234.8
1224.5
1147.8
1052.1
984.6
958.8
724.8
483.4
293.1
266.4
274
255.2
255.4
265.8
267
813.6
1038.7
1042.8
1086.7
1154.8
1259.4
1212.1
1236.5
1266.5
1267.1
1255.7
1099.5
1097.6
1197.9
771.5
277.2
246.8
247.3
249.5
310.8
253.9
252.1
253.4
254.8
1006
1212.8
1176.1
1168
1147.1
1093.2
1069.1
1061.6
1147
1091.3
1158.3
1104.9
952.9
875.7
703.9
262.3
259.1
268.9
271.1
262.9
262.8
263.1
262
263
282.1
281.6
578
492.6
486.3
476
474.6
482.4
487.7
475.8
488.5
486.6
482.2
264.1
268.3
267.8
255.2
255.2
256.9
305.7
251.9
248.5
247.8
246.2
246
229.1
238.8
214.8
217
217.2
217.2
221.9
218.3
218.1
218.7
217.5
220
228.9
244.7
257.2
255.6
257.3
257.9
250.9
250.8
250.1
250.4
263.8
902.1
1065.8
1028.1
1025.8
1044
1047
1043.4
1091
1148.8
1090.6
1077.4
1083.1
1053.9
927.5
726.4
281.8
247
255.1
256.7
265.3
248.8
244.4
239.1
243.7
779.8
991.4
995.3
987.2
1022.2
1047.9
1085.4
1094.7
1115.1
1172.3
1157.9
1082.3
985.5
973
781.4
291.9
262.6
269.7
269.1
262.8
260.6
242.8
236.8
243.4
822
994.1
1035.2
1039.8
1072.6
1125.3
1125.2
1117.9
1132.9
1125.6
1142
1118.2
1041
943.5
923.2
685.1
457.8
282.3
251
255.9
238.6
239.2
239.2
244.4
876.8
1102.5
1041.6
1145.3
1246.4
1234.5
1231.9
1261.8
1277.6
1279.4
1284.6
1236.7
1238.1
1215.8
843.9
368.4
300.4
282.1
278.7
275.3
247.9
247.2
247.1
250.2
762.2
1010.7
937.8
962.3
927.6
961.4
982.9
1012
1024.8
1007
1002.7
992.5
934.4
788.8
695
278.8
243.1
247.3
246.9
238.4
236.7
234.8
235
234.3
252.9
254.8
532.4
460.2
489.5
489.2
489.7
584
582.1
483.4
481.2
492.2
491.6
265
266.1
266.6
245.6
252.1
250.2
292.3
243.2
239.7
240.2
248.4
248.1
230.9
230.7
229.4
230.2
230.4
232.4
233.6
234
237.2
229.5
224.8
226.6
227.8
239.4
238.9
250.8
250.7
249.9
243.7
242.9
243.6
251.5
255.4
836.3
965.7
1001.4
992.8
1037.6
1046
1092.2
1147.7
1206.1
1177.3
1177.4
1176
1168.5
1113.4
737.6
272.4
242.6
248.3
248.8
273.8
247.5
247.6
246.7
249.5
857.7
1025.4
1071.8
1033.5
1081.1
1123.8
1120.8
1118
1134
1122
1111.2
1099.1
938.7
937
723.9
282.4
244.4
257.5
258.3
248.6
246.9
246.3
245.2
248
770.9
961.1
958
941.5
977.6
1001.9
1000.1
1023.6
1023
1065.4
1052.9
1016
891.3
848.4
841.4
603.1
422.6
282.1
254.6
268.8
243.6
244.5
242.8
246.4
817.5
1023
990.5
999.6
1000.8
987.7
969.8
1008.1
1028.5
1017.5
997.5
996.1
982.3
946.9
745.3
301.6
271.4
273.7
271.7
283.1
241.4
241.9
241.5
245.1
728.1
951
917.6
912.2
945.7
954.3
982
1036.7
1044.9
1040.1
1036
993.6
917.3
848
712
277.1
248.8
249.6
252.9
243.2
242.6
242.3
236.7
233
257.4
245.7
520.8
451.4
430.4
312.6
362.6
332.8
417
508.1
402.3
470.4
459.5
256.4
256
254.5
242.3
246.5
244.5
263.7
234.4
226
224.8
225.5
226.3
211.3
203.7
204.2
203.8
205.1
206.8
213.4
217.3
218.8
219.6
222.2
217
218
234.6
243.6
243.7
243.5
237.6
227.8
225.9
226.5
225.5
229.9
807.8
1009.3
987.4
923.7
914.5
988
978.4
989.5
997.8
998.5
1014.9
984.8
992.3
966.9
720.3
268.5
238.4
239.6
236.6
248.8
227.6
228.9
227.6
230
720.3
940.7
940.8
974.8
1011.9
1062.2
1103.3
1131.8
1212.3
1163.1
1155.8
1114.6
947.9
944.9
761.3
263.8
237.6
241.3
241
234.4
233.4
233.4
233.2
235.9
915.9
1115.7
1138.5
1137.9
1147.2
1188.8
1188.8
1220
1231.3
1223.3
1265.6
1145
946.7
874.8
834.1
597.4
458.7
270.6
241.6
251.4
235.2
233.9
232.8
243.9
709.9
934.8
915.3
885.7
938
949.2
974.4
1015.4
1084
1100.4
1092.7
1120.9
1110.2
1034.2
845.5
318.5
291.2
292.7
293.3
338.4
282
283.8
289.5
295
742.3
961.2
943.9
971.3
963.8
1030.5
1027.2
1044.6
1052.8
1060.9
1053.5
1014.7
906.7
810.5
817.3
316.6
290.2
293.1
290.9
286.1
290
289.2
289.7
288.3
289.2
292.8
268.6
277.4
305.7
306.2
299.9
296.4
296.1
293.2
294.2
297.4
298.6
296.1
301.5
297.7
284.8
298.2
298.3
373.8
290.7
289.5
289.9
289.2
289.9
267.9
267.3
265.8
260.6
256.5
256.9
256.9
256.5
256
257.3
259.9
260.5
261.9
274.6
274.9
296.3
298.2
298.8
292.9
292.2
292.3
293.9
294.1
954.9
1056.5
1062.5
1079.4
1173
1207.9
1270.6
1298.9
1315.9
1337.8
1333.8
1352
1362.2
1256.8
1029.8
330.7
296.4
299.9
301
341.3
296.1
295.6
295.8
297.1
1055.5
1197.4
1166.3
1145.8
1246.7
1264
1345.4
1382.9
1379.2
1375.2
1351.7
1323.1
1227.3
1158.9
1120.6
364.5
332.1
335
336
331.6
330.7
330.9
327.4
324.6
1054.6
1309.3
1313.6
1243.7
1247.5
1271.7
1280.1
1295
1306.6
1317.4
1320.8
1240.2
1024.4
928.6
926.7
374.2
340.1
343.6
345.1
366.5
330.3
325.5
325.1
326.4
907.5
1074.8
995.4
1036.7
1058.4
1071.1
1102.1
1153.5
1138.2
1090
1080.1
1022.7
1009.2
965.1
844.8
592.6
568.2
567
475.9
359.1
316.2
316.5
316.5
318.9
788.9
1006
956.5
941.6
986.4
983.4
978.6
1004.7
995.8
991.6
1015.3
992.8
899.9
830.6
781.3
373.8
334
330
330.6
317.8
317.8
318.8
323.4
320.6
322.1
307.3
299.1
309.9
344.5
345.3
345.8
345.4
346
341
342.3
342.6
344.1
340.9
342.3
338.5
329.6
329.5
331.1
377
321.8
321.9
322.2
321.6
322.5
310.3
308.5
307
306.8
306.5
308.8
309.9
311.5
310.7
311.4
312.9
306.4
305.4
315.9
315.7
328.2
330.1
329.4
322.6
320.9
321.4
323
334.2
1042.3
1302.4
1279.8
1311.3
1302.9
1307.5
1339.3
1346.4
1363.7
1345.7
1188.8
959.1
1240.4
1128.6
874.9
359.7
329.4
332.9
333.3
354.2
323
325.3
331.9
334.3
930.9
1090.6
1113.7
1093.6
1031.1
1098.3
1150.1
1143.3
1100.7
1082.1
1087.3
1038.8
905.9
810.1
802.5
499.1
491.5
418.2
330.3
326.9
330.1
332.2
331.9
334.9
789.9
977.9
962.4
952.3
988.1
1005.1
1003.5
1012.9
1018.2
1027.6
1027.2
1046.4
947.1
819.5
812.8
360.1
323.1
334.5
335.4
347.5
325.4
325.9
325.1
328.2
762.1
940.8
885.6
909.4
974.4
1002.1
1019.7
1038.3
1110.4
1114.9
1127.4
1171.3
1129.8
1055.2
804.2
361.1
338
338.4
335.1
395.1
326.6
325.9
326.8
328.9
851
1031.4
991.9
986.8
986.5
981.7
991.9
959.5
980.7
963.9
971.9
1084.6
941.6
860.6
785.2
361.2
335.6
336.7
336.1
324.5
323.7
323.8
324.7
325.1
318.6
309.9
296.4
304.7
331.9
331.2
331.6
330.1
330.7
327.7
330.1
339.1
339.8
337.5
342.5
349
332.8
333.1
335.4
383.6
325.9
326.8
320.9
318.4
318.1
321.8
298.8
294.7
294.1
295.1
294.8
294.3
294.1
296.7
307.9
307.9
304.9
306.3
325.7
334.2
332.4
332.9
335.6
326.9
321.9
317
317.3
318.2
961.8
1174.3
1073.3
1084.9
1079
1090.3
1115.7
1123
1190.5
1200.2
1165.9
1131.4
1129.9
1021.1
831.9
371.1
359.4
354.6
314.2
325.2
303.1
303.1
302.9
307.8
815.3
983.2
1002.7
1024.8
1059.7
1154.5
1158.8
1187.8
1213.2
1204.3
1206.7
1167.8
1054.6
947.2
892.4
349.7
312.6
313.7
313.3
306.3
305.3
306.3
305.5
308.3
960.4
1141.3
1132.9
1163.5
1185.5
1197.7
1238.9
1257.7
1278.1
1417.3
1276.2
1263
1087.8
956.3
903
344.7
309.8
313.4
315.4
344.2
307.5
311.9
306.8
306.7
1024.8
1152.6
1116.9
1260.5
1234.9
1296.5
1338.5
1358
1367.3
1277.4
1179.9
1299.5
1245.3
1130.7
936.8
341.2
310.8
312.5
316.7
369.3
304.9
303.1
303
313.5
894.7
1024
1034.3
1031.3
1036.4
1046.7
1020.1
1027.6
1036.5
1051.8
1031.7
1004.2
922.3
814.1
770.2
351.4
322
326.9
328
314.4
312.2
316
322
323.1
324.8
335
262.4
219.3
230.5
230.8
233.7
291.7
310.9
303.6
304.1
303.9
299.4
290.1
287.7
289.2
271.8
272.2
273
323.5
273.6
271.3
271.2
272.1
273.5
261.7
258.2
266.1
268.3
268.3
262.2
261.6
258.6
260.7
254.1
244.8
246.3
248
257.7
258
271
279.9
282.3
274.9
274.1
274.3
274.2
292.9
792.2
1005.8
1015.5
1013.7
1024.3
1016.6
1087
1166.7
1158.2
1151.4
1149.4
1112
1084.7
1070.3
875.5
363.4
340.7
340.1
340.7
362.5
331.3
330.5
331.1
333.9
789.4
990.3
1017.8
970.1
1021.3
1018.8
1060.5
1177.5
1170.2
1163.8
1202.3
1108.3
976.9
893.7
885.4
359.6
331.4
333.6
334.1
327.5
326.6
326.2
325.6
325.7
813.3
962.1
974
1008.2
1085.4
1105.2
1151
1262.3
1256
1236.2
1237.5
1193.6
1071.7
904.8
871
361.8
334.1
336.3
337
365.3
328
327.5
321.2
321.1
880.2
997.4
1015.2
1009.9
1096.4
1152.1
1201.3
1305.8
1273.3
1234.4
1241.9
1245.4
1223.9
1123.7
877.1
362.4
333.7
334.9
336.7
397.7
320.1
316.5
317
318.7
891.4
1017.3
1021.3
1058.6
1109.3
1210.1
1220.1
1227.2
1235.3
1222.2
1213.7
1163.3
999.6
896.6
853.1
355.3
333.3
336.8
329.2
320.2
315.8
313.9
314.9
315.6
314.3
307.2
301.8
339.3
350.2
357.7
358.3
356.9
356.8
354.2
345.9
346.4
344.5
340.9
336.6
346.7
328.4
327.4
327.1
380.2
319.8
318.9
319.1
319.1
318.1
311.8
296.4
297.7
305.1
304.2
303.3
304.7
304.7
303.6
304.6
305.6
307.5
307.5
309
329.9
322.8
325.3
325.2
319.5
316
315.2
316.1
318.6
1027.3
1211
1166.6
1140.8
1144.2
1143.1
1154.8
1163.9
1166.3
1158.3
1215
1155.9
1148.7
1074.6
878.2
363.8
323.4
322.7
324.1
348.5
315.6
315.7
316.3
326.5
930.6
1087.1
1087.8
1100.3
1102.3
1150.8
1189.9
1314.8
1299.5
1291.8
1271.1
1188.7
1049.9
943.5
861.9
362.8
328.8
329.9
327
319.8
319.2
323.8
329.3
330.5
969.6
1154.1
1139.1
1152.3
1160.5
1182.3
1184.7
1202.1
1198.3
1085
1102.4
1087.3
926.9
811.9
781.7
352.6
316.8
319.6
317.2
355.1
320.5
319.2
319.5
322.1
850.3
969.5
986
998.5
996.6
999.8
1018.6
1036.5
1042.8
1025.3
1056
1098.2
1110.7
1002.4
841.4
357.4
322.4
329.7
327.1
373
320.3
320.1
320
323
864.8
1019.3
972.1
976.5
993.4
991.8
1059.2
1179.2
1145.8
1165.6
1158.1
1092.4
946.9
853.2
770.4
356.6
326.8
328.5
327.9
321.8
320.6
318.1
318.2
319.1
319
325.3
327.5
367.6
360.7
362.7
361.8
361.2
361.1
359.4
358.2
357.5
359.3
354.5
348.6
357.5
333.7
335.1
333
378.5
324.7
322.9
322.7
322.3
314.3
315.2
303.7
301.6
301.3
302.7
304.2
303
303.2
305.3
305.9
313.6
314.6
318.9
316.9
331.7
330.8
332.1
332.2
323.9
323.9
323.4
315.3
315.2
859.2
1004.6
992.5
976.7
1000.3
1054.5
1156.1
1157.2
1245.4
1188.8
1201.1
1181.5
1154.9
1075.2
869.1
365.4
327.8
329.5
327.6
351.3
313.8
309.8
309.8
311.8
895.6
1046
1005
1034.3
1066.2
1171.3
1170.1
1223.7
1235.7
1216.4
1207.4
1156
1037.1
917.3
854.8
361.5
326.2
327.9
319.2
312.4
311.5
310.4
310
311.5
940.2
1082.3
1080.8
1131.3
1132.9
1154.8
1308.9
1252.3
1288.8
1274.2
1273.9
1208.1
1091.8
944.9
925.8
369
319.8
321.8
320.9
349.8
312.1
311.3
311.2
312.6
937.4
1085.6
1077.7
1030.8
1152
1208.2
1277.5
1273.6
1309.6
1308
1281.6
1228.4
1232.6
1178.8
934.4
357.2
323.1
321.8
319.6
363.4
311.8
312.4
311.6
311.1
926.6
1057.3
1024.2
997.4
1020.2
1024.2
1057.2
1054
1091.3
1065.2
1100.8
1028.4
849.1
805.8
790.1
352.8
317.5
319.4
315.5
308.9
308
309.8
311.6
317.7
318.6
325.5
324.3
331.4
345.4
345.4
346.9
346.4
347.5
346.4
337.1
335.3
336.4
337.5
344.3
342.7
318.3
317.6
316.7
360.2
307.5
313.5
316.8
316.1
317.8
323.1
308.9
306.8
307.4
307.5
307.1
307.1
302.2
302.9
301.2
301.5
301.8
301.9
305.2
317.9
318
318.5
319.3
320
318.6
318.1
318.3
320.3
844.7
993.7
980.4
966.6
956.9
947.2
1006.7
984.9
1017.7
1032.4
1030.6
1030.1
1041.9
979.5
851.8
371
328.3
329.3
329.9
341.1
322.7
323.1
322.2
325.6
825.3
985.5
972.7
983
953.4
983.8
1011.2
1050.3
1099
1075.4
1159.1
1056.1
931.9
821.1
815
354.7
325.3
324.7
321.2
313.8
313.5
314.1
314.2
315.6
813
959.2
936.2
942.3
953
943
983.4
1022.1
1062.2
1084.6
1085.1
1046.9
900.2
831.3
788.1
360.7
324.4
323.3
324.4
347.2
316.2
316.8
316.8
317.5
782.3
931.2
911.2
919.8
925.9
997.2
998.6
1026
1058.4
1054.3
1048.6
1035.2
1037.2
983.2
749.4
353.6
319.8
317.5
316.3
354.3
309.2
311.2
302
303.4
748.6
879.4
892.4
895.3
889.1
905.1
946.1
998.2
1011.8
1007.2
1009.3
1014.7
862.6
734.5
738.9
345.9
316.4
313.8
313.1
306.3
299.2
297.3
297.9
300.8
304.1
303.6
297.1
309.7
335.2
334.4
337.3
351.3
349.7
344.8
344.4
342.7
342.7
336.2
340.4
338.5
321.8
313.9
306.9
354.7
300.8
300.7
299.6
297.4
300
301.8
295.3
297.6
300.8
305.9
305.5
306.2
307
308.6
309.8
307.2
306.6
306.7
310.8
316.9
307.7
306.5
308.4
297.2
294.2
293.1
293.9
296.9
888.4
977.8
1022.5
1029.1
1052.3
1125.3
1150.8
1124.8
1110.3
1031.9
1097.6
1057.9
1039.3
961.3
747.2
338.2
307.7
304.6
304
325.6
294.5
294.9
295.4
298.4
819
869
915.4
911.7
986.2
1014.5
1070.6
1128.5
1111.3
1113.8
1117.2
1039.5
877.5
842.8
783.5
339.2
309.7
305.8
307.9
298.8
294.9
296.9
298.7
307
809.2
859.3
920.2
923.6
914.9
919.2
926.5
936.8
973.9
968.2
946
905.9
822.9
735.6
700.6
335.4
305.5
307.1
304.9
328.2
293.7
297.8
302.1
305.3
792
854.1
892.7
927.3
948.3
967.1
974.1
969.6
996.1
1023.9
1016
907
843.7
922.7
712.2
331
302.1
301
298.3
330.5
301.9
302.9
303.3
305.7
761.6
841.3
919.2
947.3
961.4
887.3
999.9
1012.3
990
975.8
937.3
860.4
712.8
640.8
663.5
336.7
312.1
317.3
317.3
309.1
303
303
303.4
302.6
304.3
309.5
306.7
317.2
327.1
326.7
328.5
326.2
326.8
322.6
327.4
324.3
324.7
316.6
321.9
327.3
308.7
310.7
309.6
338.6
301.5
302.7
302.9
300.9
302.3
308.5
298.8
291.1
287.9
288.1
288.5
288.4
288.6
289.9
289.4
288.9
289.3
300.1
302.3
308
307.7
309.2
308.5
302
299.9
301.2
299.9
303.2
754.4
793.6
858.2
880.2
896.4
940.5
931.2
991
1028.3
1021.1
1072.8
1048.3
982.7
924.1
738.6
337.8
304.8
302.9
303.2
314.2
294.4
294.4
286.6
290.9
809
888.1
981
966.7
969.3
963.4
1009
1039.1
1052.8
1042.7
1121.9
992.6
854.4
803.2
741.8
422.9
326
324.9
324.9
324.2
317.7
316.1
315.1
320.3
681.4
795.9
848.5
859
864.6
858.8
859.4
874.7
875.3
844.9
816.4
783.2
603.1
467.8
455.2
341.4
304.2
298.8
291.9
284.6
283.8
283
283.8
288.8
613.2
726
769.6
766.2
802.4
789.3
803.4
846.2
784.7
765
770.5
764.5
764.7
702.6
516.5
293.2
257.3
254.1
252.9
248.4
245.8
245.8
245.6
249.9
556.3
704.3
778
814.9
823.1
824.4
846.9
841.8
842.5
821
821.3
757.8
583.7
449.8
443.4
293.3
255.1
254.9
253
245.3
245.3
245.7
235
234.1
236.3
245.4
243.5
251.1
275.4
279.1
283.7
278.1
279.9
275.8
278
278.4
279.1
275.1
281.1
275.1
250.7
252.9
250.1
251.2
242.5
242
239.6
241.1
242.8
246.1
249.2
244.1
240.8
239.5
244
243.7
239.8
242.2
240.9
241.9
243.8
247.4
245.4
249.8
247.2
248.4
245.9
238.1
237
235.9
235.2
241.6
602.1
720.7
808
764.3
818.5
796
820.5
821.5
824.9
794.7
763.6
761.9
757.4
696.7
485.8
275.4
244.7
243.6
245.4
239.3
240.6
238.2
240.4
241.9
590.5
735.4
764.6
748.9
756.1
759.6
753.2
777.5
767.1
758.5
728.6
694.5
512.4
442.9
429.2
329.3
288.3
290.1
287
281.6
277.6
278.8
277.6
281.2
582.7
714.8
747.7
749.8
751.4
771.7
778.8
785.2
794.5
765.8
759.4
724.5
568.9
467.4
448.5
289.9
250.6
253.6
248.6
240.8
242.2
242.6
241
245.4
546.9
716.8
747.9
743.5
765.9
789.9
809.4
834.3
826.7
804
832.3
759
821
713.3
519.3
278
250.9
249.6
249.2
240.6
239.7
241.7
240.1
242.8
572.6
725.8
763.4
738
751.3
757.4
784.8
814.2
852
888.2
830.5
791.5
653.2
573.6
539.9
360.6
256.2
257.1
256.1
248.2
245.3
244.2
246.5
244.1
248.6
258.3
278.3
523.3
562
566.1
585
586.8
590
571.7
560.7
497.1
407.4
385
402
289.5
266.6
266.5
262.2
258.4
253.3
252.7
252.1
252.3
255.8
260.8
280.6
513.6
556.9
562.9
572
579.5
582.1
566.9
557.6
489.4
439.1
372.2
349.1
253.9
248.1
250
247.5
242.9
239.3
242.5
238.4
250.3
562.3
728.6
788.5
795.2
813.4
812.4
821.8
828.7
818.7
793
766.9
755.8
749.7
694.1
494.9
307
281.8
276.9
277
270.2
269.9
269.8
269.5
275.8
588.5
723.3
793.7
776.7
803.3
808.7
804.3
817.2
804.7
769.4
742.7
701.6
549.9
439.4
431.6
322.5
279
278.1
280.1
271.6
272.1
270.8
271.7
274.6
547.2
734
749
782.5
804.8
796.4
794.2
807.8
790
776.4
745.6
730.9
579
439.5
386.6
287
244.4
245.8
242.1
235.7
233.9
234.3
232.8
238.9
507.5
686.7
755.6
780.6
784.1
788.9
784.2
786.7
800.8
763.6
762.5
743.7
730.9
698.8
500.8
274.5
246.2
243.5
243.2
237.3
234.7
234.2
233.9
237.9
546.3
736
751.6
761.8
765.1
778.9
783.2
803.4
789.1
779.6
768.3
742.1
580.6
443.2
436.8
325.9
282.1
285.2
279.5
271.8
273
270.9
272.2
269.6
273.4
281.2
279.4
290.1
312.2
312.3
313.6
315.9
315.9
308.7
308.6
308.5
311.7
306.6
306.2
305.1
279.3
280.2
279.2
276.1
271.6
270.7
270
269.9
271.4
277.6
279.5
276
272.3
272.9
274.3
275.6
275.7
276.6
276.8
278.1
275.7
280.2
285.5
283
284.7
279.6
282.1
273.6
274.9
269.6
274.2
271
276.2
299.6
300.5
290.7
299.4
301.5
299.4
303.8
302
301.9
296.6
297.9
302.1
325.4
317
301.8
284.5
280
278.9
272.7
272.8
271.6
271
276.7
590
717.4
767.8
752.6
771.8
774.9
783.1
840.6
835.9
817.5
822.9
791.4
615.2
477.7
459
327.7
283.3
282.3
281.3
274.9
272
273.6
271.8
277.8
560.1
722.5
771.8
776.6
779.2
781.9
808.9
838.2
858.4
859.9
885.3
820.2
682.7
526.1
494.5
327.6
284.6
281.5
284.4
291.2
272.7
271
272.3
276.4
563.8
727.1
790
767.2
794.1
774.1
785.8
795.5
798.6
804.4
785.5
775
775
708
517.7
315.9
289.3
283
282.3
275.6
275.2
275.9
272.9
278.5
546.5
719.4
760
760.4
770
753.7
470
825.8
825.5
805.7
795
759.3
626.9
447.2
432.8
315.9
280.8
278.6
281.6
273.3
272.9
273.1
270.4
272.6
272.9
280.8
281.4
288.8
314.8
310.3
314.9
310.9
314.5
311.8
309.3
311.4
313.4
307.4
308.5
307.6
283.6
282.2
279
274.7
271.6
273.3
270.1
273.7
273.4
278.5
277.1
269.4
270.4
270.8
271.4
270.9
273.3
272.6
273.3
273.8
273.2
274.1
280.4
279
278.3
278.2
278.5
272.2
271.8
272.6
270.9
275.8
604
732.1
794.1
776.8
789.8
777.9
824.9
811.3
833
833.8
854.6
808.8
802.3
722.5
484.4
278.9
250.6
250.8
248.1
240.1
241.6
238.6
241.2
242.2
526.7
689.5
715.4
744.3
752.7
743.1
743
748.8
745.7
737.5
696.8
675.2
515.1
396.7
382.2
289.4
248.5
246.5
245
235.3
236.1
236.2
235.8
238.5
412
731.6
713.9
730.3
747.8
747.7
739.3
779.5
804
761.4
762.3
732
565.3
445.9
425.6
314.9
281
279.5
280.9
270.4
273.9
270
271.5
275.1
557.9
734
769.6
775
779.2
777.8
778.1
834.6
821.8
776.8
744.7
733.3
724.8
698.4
475.3
268.9
240.4
240
239.7
236.2
232.3
233.1
232.7
235.7
539.3
721.3
780.1
761.3
783.7
783.4
769.6
777.2
794.1
744.2
734.7
692.2
550.4
400.1
377.8
283
242.3
245
242.8
233.3
235
234.9
231.3
233.6
234.5
240.2
243.8
247.7
273.4
275.6
272.8
276.1
274.4
271.8
272.8
274.3
274.6
275.7
271.8
265.5
242.9
240.8
240.8
272
232.7
233.5
234.1
232.4
237.1
244.1
242.7
237
236.9
236.3
236.2
236.8
241.2
242.6
239.7
239.7
242.4
250.4
246.5
247.2
247.5
245.4
246.1
237.2
238.9
239.7
238.2
242.5
653.4
783.7
847.1
891.9
898.2
915.1
895.5
909.7
932.7
748.4
741.7
730.3
732.7
674.1
570.5
368
242.4
241.3
242.2
244.4
241
241.5
240.9
243.8
451.1
712.5
756.4
765.4
777.8
776.5
765.6
767.5
753.3
745.7
739.2
696.2
621.7
400.7
349.4
272.2
265.2
268.1
264
264.9
264.5
264.6
266.8
266.2
494.7
721.2
734.4
745.4
773.1
764
769.7
764.1
757.3
733.1
717.5
678.2
536.5
397.5
390.5
330.5
289
286.7
286.8
277
279
276.2
275.9
279.8
471.2
717
739.2
746.5
761.8
741
742.8
762.6
757
742.2
717.1
699
699.2
655.1
460.5
430.2
412.7
349.8
288.8
285.7
279.3
281.4
280.8
283.1
496.5
721.5
745.7
751.6
754.8
761
777.8
777.9
755.9
735
727
685.9
535.1
389.7
350.4
281.8
244.6
242.2
241.6
235.6
236
234.8
233.7
234.9
239.3
240.6
243.1
249.1
279.7
287.5
288.4
283.7
286
282.6
281.1
284.8
289.4
298.4
297.3
278.9
256.9
254.9
251.3
245.1
244.8
245.2
245.4
243.6
244
244.3
244.1
244.9
243.3
245.2
245.5
246.5
246.9
246.9
247
248.5
262.3
257.8
252.3
256.4
253.5
257.3
252
248.6
249.2
246.2
250.5
255
523.6
733.9
744.5
753.8
770.4
766.1
768.6
779.9
767.5
750.4
722.3
712.7
715.1
654.4
460.4
310.9
279.7
281.6
280.8
273
272.2
274.4
276.7
279.8
527
727.1
755.8
760.9
780.4
766
771.1
779.6
770.9
759.7
732
679
531.6
414.4
399.1
294.6
248.6
247.4
244
236.5
235.1
235.1
234.3
238.6
505
727.1
750.3
770.4
783.3
771.2
767.3
778.7
771.7
755.1
738.6
707.6
565.7
430
395.9
294.2
258.6
246.9
248
243.7
242.7
240.4
241.2
245.2
520.8
723.3
756.6
749.8
775.6
775.3
775.8
773.4
769.1
756
734.9
714.4
726.1
688
467.2
290.4
258.7
257.4
256.7
254.9
249.8
249
250.8
253.4
522.6
728
769.3
773.8
796.4
772.2
772.6
787.3
773.6
749.3
731.5
689.9
554.5
415.4
412.3
308.6
262.2
259.8
259.4
251.7
249.7
250.4
247.1
241.1
243.6
248
248.2
258.1
281.7
280.6
282.2
280.9
281.6
284.9
289.5
288.8
297
292.2
289.7
287
260.3
259.4
257.4
254.9
242.6
241.7
242.5
242.3
241.8
245
243.1
242.8
242.1
240.8
249.2
277.6
276.7
276.8
277.5
277.5
279.3
284
279.9
267
261.3
259
252.9
249.6
240.7
236.1
238.2
238.5
242.6
501.2
729
748.2
743.3
740.5
751.6
758.5
767.6
769.3
749
738
720.7
734.2
681.4
476.1
294
264.6
263.5
258.6
246.7
242.7
243.4
243.8
247.2
422.8
491.3
520.5
508.9
515.2
511.2
514.4
519.3
526.1
527.6
521.7
488.5
443.4
389.7
377.2
269.6
253.9
250.1
251.1
244.5
239.7
240.6
242.7
242.2
527.8
741.2
755.2
772.9
761.3
762.5
742.8
768.2
746.5
730
677.1
648.9
532.5
387.4
350.6
241.8
201
200.1
198.9
194.2
190.7
190.8
191.6
196.2
478.3
680.4
699.2
694.4
710.1
707.1
726.8
767.7
755
740.6
725.5
711.3
711.9
663.9
458.1
238.1
154.5
170.1
153
158.4
151.8
154.1
152.1
158.3
503.1
732.9
735.5
739.8
710.6
713.2
715.9
719
720.8
663.2
655
633.6
489.5
354.8
346.6
182.2
140.8
139
139.2
130
131
131.3
130.3
130.1
133.5
144.3
161.3
161.8
171.4
173.7
173.4
175.3
176.2
173.4
172.7
155.5
157
146
144.1
143.5
143.5
142.5
142.4
137.4
132
132.2
132.7
134.1
134.8
137.2
133.8
133.7
135.2
157.7
168.7
170.4
167.8
168.7
147.5
141.2
139.7
140.6
140.6
139.6
140.3
139
139.5
130.5
130.2
130.2
130.7
146.8
412.2
625.5
636.9
647.5
662.2
669.6
668.7
667.7
668.9
695.7
684.3
679.3
684.4
620.1
413.6
175.1
147.9
146.4
143.3
139.9
137.3
135.6
138.4
155.7
404.5
637.7
655.8
660.1
705.3
714.1
714.5
719
713.8
697.4
678.7
654.6
500.2
357.6
351.9
184.6
143.1
145.1
142.9
134.1
135.8
134.8
138.2
154.1
463.8
666.4
674.8
679.7
705
708.7
702.7
724.5
708.4
700.5
676.4
648.3
495.6
351.4
349.8
184.5
145.9
143.2
145.8
137.3
136.5
135.7
135.4
142.4
468.2
668.7
682.2
676.6
699.8
681.9
684.4
701.8
691.8
680.9
665.9
655.9
655.9
598.5
407.5
169.3
139.7
140.5
139.5
137.1
132
131.6
131.5
135.9
414.5
617.5
630.1
633.5
681.7
692.8
697.7
713.6
703
675.4
656.5
624.7
483.6
358.5
349.1
184.8
145.4
143.8
147.9
135.2
137.5
136.3
138.9
135.8
138.9
144.1
141.4
146.3
175.7
180.9
182.3
179.8
182.9
181.6
178.7
181.9
186.6
182.8
174.5
177.9
170.1
164.2
143.6
140.8
134.8
138.1
137.5
138.6
140.6
139.8
139.8
136.7
136.9
138
137.9
138.1
144.2
160.4
163.6
164.2
167
167.4
166.5
166.3
159.1
142.6
138.1
131.8
134.1
133
132.2
150.3
439.7
640.6
689.5
678.8
704.8
734.6
732.7
748.3
746.5
715.8
697.7
685.6
677.8
616.8
433.4
185.9
164.2
155.4
155.8
152.1
147.9
149.6
148.1
165.4
481
681.1
703.3
727.6
751.1
742.5
748.2
760.4
738.2
714.8
696.4
660.9
498.2
362.7
350.3
194.5
165.1
152.1
151.4
144
143.7
143.2
143.4
160.5
475.3
686.7
710.8
721.2
732.8
723.8
736.5
730.8
739.2
706.3
689.3
656.3
512.5
363.5
354.4
198.5
167.9
156.5
157
153.4
152.4
150.2
151.9
154.9
478.8
685.2
704.6
706.9
735.6
734.4
734.7
748.2
752
717.8
691.1
675.7
675.7
624.9
427.8
182.2
166.5
153.9
150.7
147.9
142.2
142.5
143
145.8
483.6
672.8
687.1
700.7
710.4
697.3
695.1
714.7
709.5
688.2
672.3
631.9
495.7
372.7
362.9
194.7
179.1
166.2
153.4
148.1
151.3
148.9
149.5
150.6
169.5
183.1
181.8
186.1
227.4
244.3
243.6
238.3
212
203.6
205.6
211.3
211.1
201.5
198.7
200.1
196.1
185.5
175.6
167.9
162.8
162
162.9
163.1
177.5
186.6
186.3
186.1
184.5
183.7
179.7
178.6
182.4
183.8
184.9
186.7
187.8
187.6
187
188.9
175
164.2
161.8
155.1
154.7
155.1
154.3
169.5
474.9
662.1
673.9
696.7
722.4
719.4
721.7
724.4
719.5
696.2
679.3
672.7
671.7
616.8
428.5
190
173.6
160.5
159
153.4
151.3
151.6
151.2
166.3
459.1
669.9
690
698.7
713
714.9
722.3
723.7
714.6
709.7
675.1
631.6
484.8
357.6
344.8
196
166.1
156.3
153.4
146.7
144
144
145.6
163.2
462.8
674.6
695.1
698.7
720.4
715.2
713.9
719
691.1
631.2
564.4
545.6
454.4
356.7
354.3
194.6
166
152.5
150.4
146.8
144
143.8
143
149.5
471.3
678.4
683.7
698.3
715.6
716.2
715.7
721.6
715.7
697.5
674.9
667.9
671.1
609.2
424.2
184.2
169.4
152.4
152.4
147.4
144.5
144
143.5
148.5
464
675.4
682
701.3
715.3
708.1
708.6
723.8
713.3
688.5
673.9
637.9
507.8
367
360
195.5
177.3
170.5
154.5
145.6
145.3
146.2
144.5
145.1
163.2
176.3
174.4
173.1
182.7
187
186.7
189.3
188.3
185.9
184.9
190.9
194.4
185.3
181.2
182.3
177.8
168
154.7
149.4
145.8
145.9
146.5
145.6
160.3
170.2
170.3
170.2
168.5
167.5
179.8
181.6
179.5
179.7
176.6
177
176.8
177.9
177.7
178.1
171.4
161.1
155.3
148.2
146.7
145.9
147.4
164
482.1
677
668.5
687.7
722.9
713.5
708.3
721.2
715
690.4
673.2
662.3
666
605.2
420.3
211.3
176.5
149.4
149.9
147
141.3
141.4
142
162.6
453.2
664
688.4
704.2
713
711.2
707.3
726.1
719.5
696.1
672.3
631.7
513.7
376.7
358.3
200.1
170.9
152.1
152.7
146.2
144
143.7
143.8
161
445.6
715.4
735.4
730.1
747.8
735.8
725.7
733.3
727
691.2
681.7
638.5
519.2
371.5
360.5
203.1
171.6
152.1
151.6
148.1
143.5
144.5
143.2
147
451.2
665.5
678
697.4
725.8
707.7
722.5
725.5
703.5
681.3
671.5
650.9
659.1
602.1
408.3
190.4
171.9
157.2
158.8
157.6
152.9
152.5
152.8
156.5
438.9
637.5
654.5
685.5
692.7
699.4
698.8
716.6
690.8
678.7
652.7
633.8
513.9
373.2
366.8
209.8
196.7
175.7
159.5
154.1
152.9
153.6
153.8
152.7
187.8
207.9
207.8
212
215.3
221.1
212.3
208.9
204.8
207.9
210.4
211.4
210.5
203.3
198.9
200.3
192.4
177.4
162.4
161.1
154
153.4
153.6
155.5
187.6
202.5
201.3
200.6
200
200.7
203.4
206.9
207.3
206
203.9
206.4
205.2
205.7
210.4
211.3
186
161.2
162.6
158.6
157
156.1
158
173.7
443.9
638.3
681.9
701
721.8
700.5
694
714.6
704.3
692.9
672.2
663.9
660
601
418.6
202.9
183.9
162.7
161.6
157.8
154.1
153.7
155.7
171.9
439.9
655.5
692.1
692.8
721.2
707.3
719.4
721.2
699.3
686.9
672.9
632.7
508.1
365.9
356.2
204.1
178
159.1
156.1
149.8
148.3
148.6
148.7
166.2
494.7
697.9
674.7
689.3
692.6
676.6
680.7
705.5
694.8
668
644.9
618.2
505.5
356.4
348.2
200.6
175.1
157.8
156
152.7
149.2
149.5
148.5
152.1
447
660.7
658.1
700.5
712.8
706.9
713.1
719.8
713.5
697
683.1
677.9
667.3
606.8
420
200.6
182.2
163.9
165.5
161.3
157.1
156.7
156
159.4
440.6
698
708.1
700.9
712.5
707.9
695.4
703.2
698.5
663.2
660.8
645.4
530.7
396.4
387
211.5
188.3
171.9
159.2
151.4
153.3
153.7
152.9
153.3
184.8
204.5
204.7
207.7
190.7
193.4
191.2
188.2
190.4
188.6
191.3
191.8
191.6
191.2
191.7
191.6
192.2
180.4
166.6
165.8
159.9
160
159.7
158.8
191.1
211.6
211.2
210.5
208.4
203.4
187.8
199.2
200.7
202.5
202
203.3
202.9
203.9
203.3
203.1
192.8
174.3
174.2
166.9
170.2
169.4
169.2
184.2
428.2
648.6
681.7
700.8
698.9
707.9
702.5
710.3
707.9
678.9
660.3
662.9
661.7
595.5
416
199.3
182.4
162.8
161.8
158.8
155.4
156.3
153.6
169.4
436.1
618.1
639
688
699.1
693
695.7
704.3
695.8
670.3
652.6
630.8
519
416.2
397.9
227.6
183.3
160.1
160.2
156.1
155.9
155.9
156.7
170.2
442.9
636.8
674.4
689.9
723.4
692.6
687.6
692.2
693.3
672.9
654.6
638.3
538.6
411.8
380.3
240
233.9
233
205.4
170.4
153.9
154.8
153.7
158.7
412.2
608.8
652.3
671.4
678.3
696.4
672.6
672.3
660.7
643.8
620.7
620.1
621.7
573.3
406.3
211.3
185.7
162.9
162.9
159.3
154.7
155.5
154.8
157.8
430.1
590.5
623.2
654.3
664.8
643.8
645.8
658.3
653.7
633.8
626.7
617.7
512.9
373.6
361.3
204.1
190.5
177.4
161.2
157.6
156.6
156.3
155.9
155.5
188.3
208.2
211.6
215.9
218.9
214.8
213.9
213.7
215.1
213.6
207.1
211.9
216.5
206.6
205.7
204.9
195.2
180.2
163.4
162.7
155.3
157.4
155.1
154.8
189.7
203.4
206.8
204.5
204.2
204
208.8
214
204.8
196.7
210.2
212.2
212.9
209.5
209.6
210.4
197.9
180.8
179.6
168.7
173
173.8
173.4
188.2
456
671.6
647.6
697.5
698.2
702.6
702.5
701.9
695.2
668
656.3
645.3
645.3
584.8
399.8
194.9
178.3
161.6
162.4
159.4
156.6
156.9
156.5
173
460.2
666.3
671.2
688.3
693.9
700.9
682.4
700.1
694.2
690.1
668.4
626.6
500.9
366.6
343.2
192.2
169.4
152.7
151.2
145
145.3
145.4
145.7
161.9
442.8
635.5
675.2
669.4
692.4
691.8
699.9
689.2
638.6
370.5
643.9
618.3
508.6
368.1
349.9
192.9
170.6
153.5
153.6
149.9
147.2
147.4
146
150.5
449.6
624.8
666
682.3
694.1
703.2
822.6
750.5
701.2
661.4
640.9
634.7
627.8
581.8
407
195.9
172.1
157.2
155.1
169.9
148.3
147.5
147.5
150.6
518.6
701.5
690.9
728.7
702.7
698
708.6
686.4
705.2
680.5
679.8
630
524.2
382.4
377.2
190.7
176.6
167.1
151.8
144.5
143.6
144.3
144.9
143.3
147.1
151.5
151.7
155.4
178.7
182.6
184.4
186
184.6
179.7
178.4
182.9
184.4
179.8
177
169.3
153.5
154.2
152.8
146.7
146.7
148.4
148.3
147
150.5
151.1
151.6
150.8
149
147.8
149.4
149
151.8
152.8
155.8
155.2
155.1
153.9
155.2
156.5
155
153.9
153.2
148.3
144.9
146.9
147.2
148.3
151.2
175.3
174.7
178.4
186.9
182.5
180.6
184.8
182.7
185.6
182.3
180.8
190.7
189.8
177.7
163.8
154.8
153.8
154.1
163.3
145.5
146.8
147
162.5
495.4
650
706.6
686.8
693
698.9
672.6
686.6
702.3
677.2
686.2
626.6
535.2
382.9
384.8
189.5
162.3
161.4
160.1
154.3
153.6
154.8
154.1
168.9
495.3
612.9
697.7
689.1
715.4
694.5
690.1
717
694.4
689.2
698.4
645.4
559.8
393.8
391.7
185.4
161.8
160.3
157.5
169
150.9
152.4
151.7
152.6
507.4
649.1
725.8
697.1
721.1
679.5
685.1
701.3
673.6
688.5
686.7
656.4
672.2
622.5
458.2
193.2
163.1
159.8
161.2
167.7
150
149.2
149.8
151.5
495.2
642.7
690.8
675.2
695.1
670.9
689.4
673.2
674.7
690.7
666.3
636
549.6
398.5
386.7
186.9
158.8
159.7
157.4
150.7
150.4
151.1
151.2
150.3
154.8
160.7
158.6
162.2
194.8
208.3
208.3
206.9
207.6
196
184.8
185.8
190.2
189.9
189.2
180.1
165.1
164.1
163.9
