32.08240417
32.22927026
32.61238733
32.17619299
31.10253918
30.49370807
28.39211474
27.20697387
24.54514184
28.6850155
25.86554602
24.98641381
24.05220153
22.50792346
19.38023773
18.49446652
18.05425055
18.85116632
21.69065149
20.61844067
15.90041784
17.54338183
17.18322699
17.04888379
16.84716638
16.70689917
16.66982177
16.62142785
16.48923004
16.44943859
11.78029056
9.495866986
9.111340254
8.064102833
6.513000454
6.764168827
7.353029354
7.754547306
7.491101036
7.359158129
7.242382976
7.490197165
11.53767138
13.40124566
14.10447009
14.65121222
14.97585791
15.42302081
15.67833154
15.78587133
16.08112695
16.4234967
16.66018261
18.64383654
12.52219184
10.99101105
10.75268409
15.11232498
13.43219298
12.1032009
11.42670427
11.52717021
11.7566333
11.93997931
11.83900468
12.03113428
17.13420533
18.46572636
14.26679726
15.68372145
15.86294724
14.9786698
15.06962714
15.0164341
14.99185637
14.98451255
14.9470748
16.56476023
10.51041776
8.529028442
8.29409613
13.24385109
11.96950054
11.49176535
11.22909692
11.05990536
10.76254371
10.65087837
10.15953589
9.977392822
14.30337037
15.50832242
10.90682394
12.08105777
12.21962455
11.72651964
11.76559512
11.79430446
11.76393102
11.78106556
11.76595941
12.93307416
7.435099304
6.054313232
6.140454102
10.66436292
9.374053223
8.838481812
8.574960571
8.566404907
8.444236816
8.289726196
7.9399552
7.72677124
11.48200135
13.30196297
8.777065548
10.07643855
10.21550818
9.93757585
9.941320866
9.957960951
9.900095844
9.898793699
9.861078873
10.92203853
5.638018738
5.02269812
5.054461304
8.856161865
7.375568481
7.181628174
7.027445068
7.083712524
7.0735
7.171760742
6.848961914
6.979081421
10.29384918
11.78389325
7.58765353
8.742685411
8.903909004
8.903020863
9.046670222
9.055189737
9.162844009
9.303057403
9.477502113
10.4515356
5.890047974
5.293657227
5.262779053
8.907022827
7.278912476
7.413802414
7.360333496
7.427151855
6.788836819
6.832295415
6.909021851
7.832889893
11.94925787
12.83872117
8.995419858
10.41864815
10.91295116
10.96265104
11.36163996
11.16387042
11.22347515
11.49087638
11.49271324
11.73827145
7.087124634
6.271560913
6.116505981
9.649400853
7.504265821
7.506907967
7.683638184
8.209389324
8.000782587
7.956557055
7.642003052
8.10616272
11.93658366
12.49357731
8.425910593
9.550003271
9.526266493
9.841087533
9.967578834
9.984438977
9.880452914
10.0090784
10.11471989
10.25172909
6.217416504
5.527915283
5.380142944
5.533245714
5.466760851
5.787497889
5.734692139
6.234034534
5.664242891
5.763583609
5.642557373
6.29828418
8.453981874
9.726163046
10.30675338
11.08439291
10.97707911
11.34557818
11.42266032
11.3537118
11.35326492
11.44409174
11.64891036
12.40773766
6.982402164
6.221927002
6.038151611
10.28100047
8.091413361
7.644672674
8.353962769
7.87330301
7.307804633
7.525478161
7.680449341
8.260817017
11.93705876
12.02150881
8.030204018
8.937793189
8.948488025
8.993991273
9.071662393
8.983096454
9.076428918
9.124350437
8.960372753
9.199203807
5.443288269
4.601518555
4.427684448
6.978676758
5.989500411
6.208954454
6.058616211
6.172106567
5.670969919
5.584140635
5.907304321
6.562083374
10.6066853
11.21157112
8.275530007
9.292577311
9.933533317
10.69652053
11.38768908
11.73468255
11.94241529
11.95409195
12.00542385
12.44293729
7.591165939
6.879289139
6.510761332
9.575961208
6.731364937
6.599178301
7.443320068
8.116313025
7.354315624
7.625896362
8.052277422
9.211680664
12.46150006
12.64093474
8.928476632
10.17782283
10.14917302
10.2613933
10.38284597
10.52918248
10.59129944
10.58678986
10.61068843
10.96415484
6.6911922
5.960776245
5.874217041
9.84031895
8.555227562
8.722956829
7.907458618
7.276467844
7.297887716
7.382003952
7.75632373
8.591675293
12.33598836
12.44470458
8.872721632
10.1811501
10.47940663
10.72081794
10.90848679
11.26548229
11.60336776
11.62065759
11.63850002
12.08761992
7.319249962
6.521102272
6.236612716
10.7064662
9.417722601
10.1756521
10.06504353
9.915327024
9.298817236
9.23278014
9.284292843
9.827226318
13.44843941
13.76454305
9.332150227
10.81836371
10.93651084
11.12318699
11.17761732
11.38271829
11.54590105
11.54579191
11.63976746
12.20438258
7.968869667
7.001348907
6.582764588
9.281521438
5.881460995
4.731149394
4.480930969
5.015464966
5.660603918
6.482880479
7.01318335
7.927937622
12.18619042
13.19029503
9.174562227
11.36366609
11.39752722
11.70086043
11.84336756
12.01274249
12.27800571
12.56660347
12.72452956
12.90048325
8.025335083
6.632537476
6.274263184
5.572210424
5.265875248
4.764715054
5.059598755
5.202544434
5.248374023
5.224875
5.118789063
5.383216675
7.382741167
9.313198921
9.445248562
9.793112989
9.943649691
10.31283731
10.60264318
10.69379579
10.83046651
10.84132262
10.68205782
11.10525347
6.522961914
5.668264404
5.536658203
8.918610962
5.972028687
4.661852395
4.308297607
5.754541626
6.917861938
6.960392024
7.110997681
7.599998535
11.22848789
11.94646037
7.939352459
9.274762891
9.149387944
9.305736828
9.251864338
9.186448298
9.290344954
9.281386564
9.296142103
9.738792254
6.109900085
5.478015625
5.568093018
9.946380077
8.327178009
8.258484194
8.010248657
7.948437459
7.418678675
8.442930759
8.736247061
9.043693726
12.69823209
13.13602053
9.178763256
10.92450795
10.94239276
11.20424462
11.42223415
11.47388589
11.52297559
11.70743668
11.70852622
12.11208767
6.932047119
5.962388916
5.761733887
10.20011063
8.142167677
8.302062422
7.288025146
6.107284668
6.149063477
6.275959465
6.668865479
7.510255859
10.52573407
11.77445667
7.994488884
9.661059977
10.08363053
10.36432163
10.69882782
10.82242756
12.20474837
12.34977512
12.25795004
13.00891631
7.845806007
7.039833107
6.63171677
10.29611566
8.111297907
6.48100474
5.882818115
6.142275939
6.507459188
7.490353474
8.352563095
9.440667236
12.83545988
13.35469055
9.429588025
11.19013596
11.1216869
11.22975636
11.31772469
11.31279822
11.54754056
11.65850757
11.67397202
12.43815783
7.233388954
6.503056885
6.107779297
8.887055015
5.823045832
5.437397569
6.468811157
6.949454182
7.096079676
7.358095039
7.788158081
8.490437012
12.70084812
13.07780302
9.15598838
10.79971392
10.98687093
11.24584259
11.49829943
11.81173204
11.78869424
11.82139796
11.82975875
11.99167806
7.133445847
6.203583984
5.989401733
9.224055919
6.867601726
7.068541983
7.111262939
7.287512939
7.393587403
8.011015163
7.980904785
8.157833374
12.04885238
12.77201668
8.288819519
9.947258619
10.22460156
10.44481775
10.53538522
10.38629691
10.54526871
10.66850484
10.52970979
10.67102221
6.233837891
5.504784668
5.537066284
5.515240479
5.533405108
4.902584943
4.896176025
5.282470581
4.988316236
5.522807743
5.817376978
6.432648193
8.891046909
10.67854921
10.40263935
10.912009
10.82259555
11.11824462
11.27705027
11.35705579
11.49995845
11.90620772
12.27008939
12.96640875
7.705040405
6.556807983
6.103926514
9.368344099
7.523104956
7.517957237
7.635767212
7.850219433
7.67313932
7.749463352
8.082052246
8.949864258
12.68526302
13.30855386
8.919876394
10.58809269
10.88315527
10.96517879
11.34410061
11.67715093
11.91665198
12.14600008
12.54980648
13.27754291
7.928513367
6.715711304
6.265014282
8.687954231
6.022436894
5.145395368
4.575831909
4.785225952
5.530374142
6.130184426
6.712195801
7.462244385
11.78774501
12.82881183
8.839666874
9.962311811
10.26339081
10.33975712
10.43352536
10.84335407
11.071865
11.67165332
12.06968158
13.16784213
7.827800415
6.64047998
6.206011108
8.879131106
6.201997326
4.922286509
3.614636963
4.871392944
5.769034189
6.515980862
6.870297363
7.440800781
11.46070559
12.83425379
8.675003883
10.55403314
10.9786755
11.18735165
11.75208195
11.92485093
12.08326723
12.37731639
12.47066034
13.40545864
8.083174011
6.516672607
6.245150757
9.299334717
6.646400697
5.263739453
4.695421265
4.830160034
5.769129028
6.574724731
6.800445068
7.198901855
11.34993086
13.14986798
9.130898239
10.70106164
11.20948056
11.4106978
11.88283872
12.20589633
12.3529344
12.64203803
12.76353172
13.89678871
8.520228027
6.997269241
6.457345825
9.326529785
6.490778687
5.01075708
4.653116699
5.027745483
5.68366394
6.56436438
6.845787109
7.316973511
11.51140461
13.22891628
9.135619068
10.77015237
11.09913005
11.19193172
11.05184642
11.03255383
10.99275197
11.09041537
11.17782065
11.24615418
6.821413879
5.752125854
5.75411438
9.982375732
8.626049561
8.053212036
7.624023315
7.365099976
7.154413818
7.579473633
7.673083862
7.852847534
11.73782057
13.12181713
8.738108231
10.14579399
10.29908743
10.57937636
10.6438023
10.79214397
10.93301546
11.01136947
11.18298966
11.35705472
6.948255676
5.912233276
5.88412793
5.779948364
5.798328491
5.542969202
5.488805908
5.641926147
5.669871216
5.75562349
5.632428589
5.855729004
8.024024164
10.24040912
10.67320019
11.07532934
11.11847869
11.40649785
11.54534017
11.62770473
11.70103599
11.83000588
11.69884894
12.71221197
7.41877417
6.041084595
5.892917847
10.01753882
8.573396386
8.144195933
6.681074219
6.714749023
7.199783447
7.695233557
7.760418701
8.019686401
11.968005
13.0847187
8.791163279
10.41192492
10.71817613
10.84805294
11.02432335
11.20720916
11.35205272
11.52621149
11.7312357
12.71831181
7.28794931
6.219343262
6.135776611
10.74297271
9.425759891
9.309720295
9.171471558
8.968351929
8.079147024
8.029560664
8.29441748
9.208088623
13.48810345
14.73449713
10.45224265
12.15709502
12.44466293
12.41320002
12.66300826
12.88405585
13.09489957
13.23433366
13.35887311
14.60974516
8.884949585
7.337389587
6.624074219
9.451855591
6.789757158
5.549402588
5.121351074
5.589546387
6.6332771
7.842942146
7.952040161
8.579500366
12.54665724
13.70529193
9.227280275
10.59920937
10.79023828
10.88029028
10.99996615
11.14054982
11.25881908
11.39732682
11.46939321
12.31514303
7.126804626
5.95311792
5.950430664
10.37763196
9.14610854
8.807017168
8.787882568
8.651478149
8.485833008
8.385627044
8.226807007
8.619252441
12.65623879
14.01211341
9.67728867
11.36652732
11.600296
11.62651466
11.88656852
12.07796545
11.95617751
11.86585995
11.77614493
12.62238598
7.274815918
6.017382568
5.909511719
9.988086548
8.720552856
8.577070068
8.476512207
8.23194043
7.913479736
7.775729614
7.704630249
7.903803711
11.43143305
12.72802226
8.455472122
10.03962246
10.18982209
10.31447803
10.43407628
10.47173764
10.49087348
10.56570089
10.73148962
10.94023668
6.556164673
5.834774414
5.652892578
9.873942017
8.726287923
9.887941172
10.07339795
9.876777102
9.113063549
8.741967028
8.773850952
9.431443726
13.28365861
13.89318513
9.582182863
11.17362626
11.31766094
11.51153986
11.85923586
12.04057628
12.23022887
12.41606258
12.57444275
12.80105469
7.941730347
6.620978638
6.223811279
5.691237248
5.036215616
4.067313468
3.420028809
3.732278687
3.92333313
4.318160266
4.422680176
5.218992065
7.739217743
8.798443963
8.923182554
9.641871034
9.700823455
10.25027494
10.62482683
10.75914289
10.9478093
11.22160215
11.4620333
12.00090298
7.032552444
6.117958008
5.575130615
8.609968689
5.789031786
4.49577551
4.395578613
4.784995972
4.858593384
4.852829827
5.218130127
6.212262573
9.623770294
10.57983104
7.296045159
7.944997972
8.240050022
8.80213693
9.766846168
10.12193386
10.14978553
10.32838148
10.34783649
10.65099302
6.656219116
5.80622168
5.431859375
8.453986872
7.356913641
7.605488852
7.470927368
7.891913829
6.797428967
6.844343058
6.949861328
7.654661499
11.09917147
11.40908841
7.986797235
8.644917476
8.90494463
9.349198306
9.744361517
10.29752152
10.97258051
11.59487512
11.81301365
13.05048258
8.321451935
7.335215973
6.961840151
10.57589392
8.45720332
8.389090996
7.408087821
7.539612988
6.795077869
7.382822138
7.761413593
8.875494873
13.01514074
13.24261807
9.501841749
11.22426361
11.56299352
12.10057247
12.48241661
12.67983639
13.03710782
13.28110056
13.35865588
14.18092734
8.71981485
7.493888184
6.596640464
10.61741037
9.151899448
7.761203141
5.497973511
5.023380737
5.142175903
5.77822843
6.014484375
7.027120483
11.0609682
12.20564037
8.410671568
9.782210423
9.665628845
9.556745882
9.526872064
9.62398725
9.325123339
9.17854459
9.034336469
9.073900002
5.421610535
4.74936084
4.585473389
7.126269287
5.539302882
5.454950639
5.110861206
4.85954541
3.984520203
4.06242749
4.074321594
4.566902649
8.191349785
9.44133511
6.460302111
6.988009869
6.997122989
7.219489043
7.397669945
7.633720158
7.811070478
7.787191592
7.834700529
7.915928297
4.952435059
4.193937927
3.874579712
4.945697754
4.110234771
3.787751848
3.181392914
2.913344223
2.800870148
2.930897369
2.719416748
3.849248962
7.806141145
9.375322729
7.316878309
8.339645065
8.41135047
8.706477625
9.096815876
9.62233798
10.44347904
10.81938169
11.09175366
11.49594036
7.798393509
6.801511169
6.152350098
5.952299469
6.252749294
6.421095211
6.583217692
6.42428301
5.918869495
5.77269775
5.376463961
6.132176514
8.551222811
9.30379215
10.00165228
11.05907075
11.17864104
11.920573
12.38549427
12.61998536
13.11214433
13.43597138
13.13286585
13.5253561
8.038082462
7.156701202
6.815225193
11.21154467
9.022533958
7.141025137
5.192698975
5.158577545
5.666992294
6.310004961
6.123599121
7.731603638
11.96028893
12.60355162
9.00140489
10.60315953
10.74967438
11.31662653
11.66897181
11.73192945
11.87225839
12.00431844
12.15641545
12.88776053
7.723863037
6.999671204
5.651384452
6.692801934
2.70005107
1.874421664
1.363070404
1.710045105
2.264348999
2.830565613
2.738547546
4.097999451
8.171844788
9.82711328
7.349698132
8.351109168
8.746258278
9.590756239
9.937552816
10.00099279
9.912053507
10.29135414
10.49527937
10.52894207
6.658591797
6.116567993
5.125917206
5.264325249
2.148053932
1.635027906
1.677286041
2.868781919
5.577357389
6.51499633
6.596514859
7.433025757
11.01594115
11.48308388
8.472063282
9.406732191
9.557201134
9.985659338
10.11739385
10.17050155
10.25888108
10.26335742
10.30107867
10.4902856
6.304952271
5.679900757
5.427552002
9.17022323
8.114612017
8.588320616
8.397217285
8.210981343
7.747034702
7.720010834
7.782404419
8.279762695
12.06330448
12.67600128
8.604123829
10.0624427
10.21054514
10.51228057
10.80107805
11.06650878
11.24716091
11.48768148
11.7755879
12.48052218
7.513286255
6.48209082
6.368109497
11.02725188
9.819664362
9.738115463
9.033199829
8.468287405
8.213410146
8.166222689
7.890064941
8.105857666
11.89895148
12.88491205
8.449577306
9.862110106
10.13220429
10.35789051
10.41334765
10.52142177
10.66441828
10.72969473
10.79696704
10.98863303
6.489555466
5.759042358
5.283993774
8.744751709
8.105258913
8.228961226
8.130382568
8.219283691
7.798156395
7.486137063
7.271641846
8.038365112
11.82596748
12.79621091
8.355419231
10.12766219
10.43013804
10.64829168
10.7270385
10.68754502
10.63731928
10.60848984
10.75461668
11.02867557
6.592403709
5.840841064
5.558559082
5.600512917
5.562247156
5.519420752
5.368655029
5.221992188
4.9926637
5.014315551
4.851965454
5.274526489
7.474453074
9.182618036
9.598186876
10.47001279
10.66841027
11.10703735
11.39456168
11.5305003
11.50436763
11.5241277
11.79366503
12.15361865
7.157382965
6.074196167
5.807572998
10.42106823
9.061885674
9.065639206
8.553516357
8.460091797
7.950576439
7.752663057
7.576513062
7.998156006
11.544859
12.24150473
7.976398273
9.32161733
9.415453449
9.626683624
9.786812673
9.922722831
10.78258326
11.08077964
11.28243276
11.87629495
6.888105957
6.059163696
5.631210571
9.715329233
8.167636011
7.791104702
7.655687256
7.813611663
7.373248516
7.287951563
7.153175781
8.111101196
11.94766636
12.65196017
8.550265989
10.22776313
10.46464473
10.49185044
10.28952399
10.53989566
10.73274818
11.44770053
11.75410577
12.18089458
7.11481604
6.438377253
6.105564869
10.2721526
8.873589245
9.259358547
7.563542066
7.977914982
7.164685402
7.138363276
8.874222186
9.627647339
13.38898673
14.08670252
9.698891571
11.35688286
11.44855684
11.61214958
11.80181777
11.84732107
11.96375534
12.07785525
12.19358671
13.04947698
7.585052399
6.433727661
6.11357666
10.79411176
9.629725002
9.274864384
9.353948975
8.416030077
7.612342695
7.93145913
7.422255737
8.556580322
12.8656484
14.38890378
10.16157361
11.79619739
12.1292537
12.38626205
12.77578856
13.15452535
13.44669538
13.72972264
13.99755123
15.22370523
9.401383545
7.710569031
6.579794922
9.336374044
6.635391302
5.221505035
4.56810022
5.237057007
6.202953979
6.550651245
6.041239258
6.978418945
11.22674418
12.9494652
8.632064152
10.17442276
10.3947483
10.60712293
10.72003049
10.85090144
10.9973704
11.16487008
11.35728127
11.59496541
7.307295105
6.139457642
5.76049231
8.629741821
5.698798828
4.512023315
5.26599292
5.665797241
5.73031543
6.028251953
5.557116211
6.426606689
10.66155381
12.40514549
8.334482822
9.907247177
10.20749363
10.70850763
10.99302793
11.33587029
11.56323821
11.84594102
12.04982679
12.23415354
7.767565613
6.32080481
5.707288696
4.869899414
3.934755127
2.899644287
3.577922974
4.596239502
4.593888916
4.503465454
4.209418945
4.707057617
6.809563366
8.739636845
9.197312597
9.676445538
9.90488232
10.2375719
10.36112047
10.52293954
10.76362561
10.98351844
11.10017387
11.96209897
6.890055908
5.767915649
5.718685303
10.12652356
8.831274523
8.553199369
8.368217407
8.21714978
7.717049072
7.732584719
7.651688599
8.146039795
11.96141932
13.09246752
8.852912945
10.54612784
10.849356
10.93664931
11.01301766
11.15954538
11.33678349
11.56734131
11.78346607
12.71269984
7.361608734
6.245726074
6.013749878
10.43285278
8.81638584
6.744312027
4.423774902
4.57341333
5.609257568
5.817778729
6.16430249
7.160928345
11.15744213
12.21931293
8.396977663
10.14760177
10.56423945
10.89557495
11.29596455
11.41731828
11.62208712
12.05952252
12.50467519
13.7379393
8.148502026
6.617385801
5.378880005
7.516554766
4.539847856
3.291286646
2.837740173
3.43065155
4.038281372
4.352292664
4.303660156
5.884531372
10.57376305
11.74356579
8.400537048
9.968632551
10.5755361
10.9881447
11.40284789
11.57886148
12.10610377
12.29755528
12.60983062
13.69764096
8.057927055
6.454773373
5.138979858
6.83695928
3.739113174
2.967405891
2.959192993
3.356797516
3.954416077
4.444607727
4.241034424
5.509924194
10.01490693
11.40562819
8.061273664
9.549464149
9.903534229
10.27977967
10.80399846
11.18171346
11.61112331
11.78627761
12.12179909
13.02145307
7.652584137
6.038921387
4.649430054
5.616390503
2.694290724
1.991373179
2.089046021
2.352833439
3.345825989
3.761109192
3.65476062
5.095567505
9.562797342
10.98471459
7.853685162
9.124108925
9.556447615
10.37073594
10.76835324
11.20173722
11.50732211
11.66529059
12.15585678
12.36142668
7.62249411
6.485273682
6.237409668
10.89760286
9.551831437
8.405583971
7.652160889
7.790697021
7.482262351
7.421440577
7.065437866
7.288911865
11.15818493
12.33911741
7.899138844
9.491667162
9.780572699
10.42487412
10.95485092
11.34842434
11.58642191
11.75319291
11.59296846
11.68658132
7.167265503
5.463682373
4.594823486
4.760124268
4.813523193
3.712622308
3.116425415
3.592242798
3.760162842
4.1064823
3.599982056
4.635865356
7.170965128
8.816326008
9.58024996
10.34725181
10.73169864
11.28845114
11.65448099
11.88868509
12.06633706
12.35789736
12.42042707
13.58124956
8.118730469
5.671628052
4.170998413
4.689317871
2.083146088
1.435839966
1.634311768
2.439205124
3.402718933
3.755910583
3.481913574
5.029364258
9.362384399
11.23132523
7.875714792
9.380235605
9.457232222
9.935933388
10.54821679
11.10990492
11.41769604
11.37151801
11.72157296
12.72103658
7.387971405
5.45510791
3.816520752
3.341756897
1.486778442
1.443016724
1.170035889
1.546819519
1.958580017
2.141384644
1.617609436
2.696513306
6.774573944
8.668847206
6.414842563
6.865035137
7.051452146
7.336229788
7.322148446
7.450344789
7.499086757
7.701627461
7.934943936
8.397669338
5.453685364
4.697489624
4.285822998
7.056249023
6.116003162
5.755634487
6.680104492
6.51092041
6.301805502
6.524436184
6.734264282
7.57018103
10.92283695
11.90620319
9.167145357
9.471233942
9.288911614
9.718637621
10.21541281
10.4340512
10.78688156
11.03689495
11.33957342
11.76343336
7.388674747
6.26246817
5.035558472
8.430665126
7.139001106
6.721951235
7.093720947
7.104257861
6.408586699
6.280052935
5.969423462
7.07236731
10.50088245
10.85059336
7.739120761
8.346584568
8.248261957
8.443800673
8.645179037
8.704701763
8.981843884
9.25654103
9.376783364
9.702385617
6.219659546
5.339158569
4.69244165
6.974473235
5.37392153
5.725798101
5.797342651
5.930525368
5.184906801
5.409459539
5.542234863
6.576139282
10.46018282
10.84799835
8.262750997
9.481618995
9.457874968
9.928953377
10.54187992
10.70832393
11.11250297
11.30777313
11.73770057
11.65028049
7.320783062
6.110776421
4.423518433
4.736333206
2.037383843
1.838881987
1.633264404
1.549710358
2.113902832
2.247521118
2.016649231
2.411112305
5.975075806
7.222118796
5.741227029
6.408402956
6.924614707
7.611002519
8.03401158
7.96122739
8.122245067
8.241160392
8.351577363
8.473494832
5.543074768
4.213021484
3.343809692
2.759921202
3.342717211
3.991982956
4.02625
3.847604739
3.626748926
3.497786837
3.412312134
3.811355469
5.757119238
6.552361214
6.862419378
8.28268956
8.463411934
8.671263723
8.797360395
8.956269533
9.100805132
9.286192806
9.513509956
9.775539528
6.512380615
5.150409912
4.549039988
7.167524103
6.582246864
6.268879972
5.254940063
4.080188131
4.22426487
4.206860418
4.349438232
5.720601685
9.345165062
10.20546991
7.410353916
8.269072397
8.917057892
9.581053062
10.13507278
10.17510034
10.8566086
10.98518487
10.94547646
11.15591305
7.484529449
5.413225922
3.231267735
1.615271174
1.58422962
1.32378125
0.838361328
0.898586609
0.965268738
1.022784119
0.868015503
0.896196777
4.474661915
7.071402981
5.904211401
7.251329676
8.056250284
8.755463438
9.143479807
9.584462786
10.13071042
10.28449712
10.68624483
11.75189842
8.251387146
6.249996948
4.311162406
4.892448488
4.241786636
3.07482058
1.337458496
1.32065918
1.622564214
2.526123079
3.022601471
5.513296021
10.47868763
10.52652951
8.37682935
9.420817215
9.132935459
9.052855027
8.912293425
8.709181753
8.568770791
8.61892728
8.664301867
8.930166437
5.810931213
5.073113159
4.653511108
6.842791111
6.020829763
6.654856106
6.427176025
6.016598015
4.806364288
4.889799885
4.91525415
5.482964355
8.68161026
9.315867425
6.678622252
7.184581009
7.316871689
7.766384993
8.193313596
8.486268847
8.446938043
8.425903912
8.533449186
8.708918768
5.774385864
4.780133911
4.670930664
7.120939651
6.590371777
7.238481222
9.267867036
9.095327871
7.16282547
6.727605522
6.075518013
6.801348511
11.64767934
12.75202327
9.462761854
10.53048015
10.3943278
10.88875982
10.94289204
11.78251904
11.61203581
11.51260593
11.77502781
12.38147947
7.680868057
6.656850159
5.678406909
8.577567083
7.05144816
6.976602896
5.596151489
6.303741045
5.73470673
5.614177698
6.337730838
6.723033569
12.0050723
12.20090213
8.62698613
10.02738955
10.22513633
10.68418085
11.27134544
11.63674229
11.89063135
11.85556118
11.90339606
12.20226735
7.142125259
5.625282227
4.102554321
3.044843824
3.189136734
3.322011253
3.622027588
3.246587158
4.036676557
4.003596529
3.956822144
4.228339355
6.950935558
7.439089174
8.14496147
9.00667989
9.247872108
9.803993916
10.19873264
10.48141936
10.60678617
10.83170179
10.90154373
11.14037951
6.313829941
5.051274902
3.665552002
5.401796387
4.954902164
6.584884056
6.887717651
5.470454346
5.194521107
4.904281562
4.814285522
4.88841394
9.924822365
11.21518592
7.725902784
9.128133909
9.422778072
9.750294161
9.875067329
10.03840459
10.06075315
10.29778792
10.41342004
10.86012548
6.150593384
5.165510498
5.047254395
9.380221354
7.780305861
7.672502001
7.488291016
7.449403198
6.940861611
6.792369769
6.488684937
6.863376343
10.66428181
11.64505783
7.600368233
8.91431348
9.204189293
9.608131538
9.840669468
10.05734228
10.60140238
10.80338971
10.7896195
10.93985004
6.213433594
5.398556641
5.347388916
9.688374203
8.42772446
8.693401665
8.512185303
8.161996357
7.651887725
7.393927761
6.986251953
7.301943848
11.42222384
12.24443034
8.098289797
9.788055717
9.881509114
10.08338614
10.16582486
10.44689293
10.56809405
10.71835513
10.83036576
11.17823923
6.370877075
5.584463135
5.392028809
9.512362183
8.239764836
8.23526225
7.7665896
7.607513916
7.199352587
6.544408843
5.475356567
5.721923462
9.772335297
10.98372141
7.265373688
8.282370315
8.393425446
8.705534012
8.859879893
9.052479862
9.325384161
9.542048397
9.901634212
10.00638425
5.834895874
4.371772339
3.441812988
3.341507446
1.499546143
1.576387589
1.826611877
1.754377686
2.398069153
2.210693778
1.339090805
1.619647369
6.995795792
8.565855996
6.65632399
7.646096518
7.995624499
8.416070697
8.801840652
9.117648865
9.767241741
10.1530393
10.35722218
11.11624183
6.847653473
4.344396973
2.118632935
1.439179688
1.504039063
1.222039673
0.837155212
0.865484009
0.907936218
0.922184937
0.788752319
0.723612122
2.035827332
4.822289699
4.486330768
5.884984008
6.701541204
7.599229416
7.878868414
8.157055162
8.522956519
9.174927758
9.248774169
9.854718925
6.283219467
4.294109695
1.958586456
1.595326943
1.640140297
1.465149658
0.916933777
1.013896179
1.087992676
1.133315918
0.995929138
0.943383972
2.731616089
4.287026814
5.611084383
7.456034899
8.08247061
8.8211651
8.843637398
9.407623819
9.553289324
9.776055424
9.557704115
9.804004589
6.145213646
3.784691917
1.518235229
1.540634277
1.453965454
1.346669434
0.962677795
1.020334961
1.065867432
1.248873413
1.042721313
0.998313293
2.723676273
5.819748688
6.271257763
8.002141441
8.889686089
9.17007542
8.397520821
8.614756094
8.63524095
8.562508999
8.822611925
8.878578888
5.432897705
3.75292395
1.970688532
1.810494631
1.908737385
1.776711325
1.123601074
1.388989014
1.660408876
4.700204792
4.573055761
5.099535185
9.165250399
9.65828495
8.046074551
9.234347277
9.184657993
9.306665424
9.499834572
9.84942548
10.00383399
9.698877987
9.403748238
9.398790071
5.93803545
4.51445175
4.041947574
4.393972843
2.812809006
3.161562622
3.34758429
3.449484762
2.687431397
2.275955009
3.141806648
3.730370789
8.45984383
8.844007706
7.18463535
7.989636912
8.083655934
8.490327332
8.78068784
9.011916209
9.008157965
8.98794521
9.16758689
9.605509603
5.884465759
4.615536011
3.813984253
2.052660172
1.74398155
1.644976205
1.103868164
1.204766968
1.38662793
1.34937915
1.476424438
2.134198303
4.970745461
6.151930859
4.840149661
5.545460632
5.940085801
6.589464014
6.957665356
7.438307514
8.02117589
8.527382589
8.926534348
9.468909807
5.820116089
3.875595459
1.788375854
1.365618042
1.43199707
1.239596436
0.843217102
0.78403894
0.8486203
0.89056189
0.811636108
0.843523682
2.228832153
4.948190378
5.40850588
6.700434958
7.552026955
8.358918785
8.865939278
9.215186554
9.527985533
10.03768124
10.15883606
10.55772189
6.860329498
3.927229954
1.471643799
1.402502441
1.233736938
1.076139404
0.750345947
0.759746216
0.966063965
0.935084167
0.899389465
0.859047668
1.668815811
4.352739143
4.768780241
6.205662489
7.118160851
8.004018147
8.569689503
8.876203724
9.844668373
10.42481407
11.12037236
12.00625406
8.668758606
7.179310664
5.948427261
5.222558414
4.505019405
4.322587399
4.416588826
4.594837055
4.115663765
4.096567871
3.528243163
3.469448486
6.753192512
7.174194841
8.08704424
8.764258579
8.613771799
9.051201688
9.358401416
9.964152618
10.17435208
10.62006236
11.10949872
11.76341901
7.409430878
4.973297913
2.545923428
2.054578063
1.941806871
1.84335651
1.255774536
1.439662411
1.531638439
1.54764485
1.207352295
1.020419678
6.246925659
7.733671855
6.385286514
7.553329721
7.978194435
8.724888815
9.068330063
9.18230818
9.534640041
9.867745121
10.2766842
10.72182629
6.52588678
4.204177358
2.465095825
1.491479492
1.586347567
1.522534058
1.101004639
1.171015747
1.294529419
1.21672998
0.9376474
0.85446991
3.165354462
5.406459465
4.599691343
5.733217492
6.375840018
7.018812999
7.300442468
7.728889366
8.150178484
8.399627675
8.834843404
9.132543728
5.206498169
2.708305664
1.179860229
1.20144873
1.209156982
1.087177002
0.798990051
0.80406134
0.827535828
0.812269897
0.709387817
0.679003235
1.241728149
2.249723881
3.377996065
4.376215047
5.440047653
6.557267485
7.300607613
7.544470359
7.826986176
7.892149673
8.132302033
8.703687534
5.099530762
2.902014038
1.514066895
1.701188237
1.94083083
2.571174145
3.115558472
3.094585161
2.382689833
2.500686779
1.785237549
1.070867554
6.453629761
7.183783577
6.401617008
7.65730899
7.918008013
8.512587161
8.974912223
9.347335321
9.732498379
10.02679071
10.44815599
10.76943451
6.7135914
4.16600946
1.601153908
1.53659668
1.527014526
1.379964478
0.953472534
1.02761731
1.040408447
0.999229187
0.914045898
0.775777893
1.577914063
3.569280807
4.253612561
5.721523408
6.366595774
6.961814371
7.520234845
7.733429792
7.784342654
8.059531374
8.290502645
8.419367472
4.441901184
1.890662354
1.328057861
1.445838257
1.491974121
1.384764893
0.864232361
0.934634644
1.259676758
1.276622559
0.910359619
0.865069214
1.629487625
3.595893368
4.330943676
5.702874037
6.461563587
7.234227522
7.782744625
8.224788321
8.613795588
8.834121561
8.728998915
9.111910622
5.42976701
3.582092674
1.52647168
1.657415518
1.925338257
1.955592293
1.367458115
1.601047199
1.744128745
1.865291578
1.354913696
1.062045532
4.471088348
5.614019903
6.294641572
7.93154103
8.46380653
9.050988645
9.500785551
9.62273061
10.02421618
10.37409647
10.49851063
11.09652591
7.027444275
5.202440216
4.355864548
5.589191772
4.783926929
2.777477376
3.773453552
5.040785192
4.732390041
4.022844902
3.608408508
3.801785522
8.876912214
9.676756927
7.387303844
8.638050508
8.918565037
9.319717167
9.208249226
9.371155075
9.693900181
10.33783314
10.7106932
10.84069027
6.44522591
5.281839844
4.73524585
7.618142464
6.378659533
4.855313858
3.050315063
2.045010696
1.874653625
2.257993069
2.950456848
3.620409058
7.357644852
8.826958123
6.400298737
7.113054405
7.419636253
7.762643575
7.833495029
8.190449417
8.327062992
8.607061228
8.975415761
9.654544066
5.605329834
3.62951123
2.351344299
1.505859619
1.584803699
1.39700293
0.908662231
0.971501038
0.995392578
1.105497681
0.92454718
0.796657349
2.599294628
5.016373065
4.566537916
5.708700516
6.482566131
7.387710917
7.8835645
8.324398723
8.5848412
8.818213102
9.315015924
10.0211892
6.18295752
4.111359329
2.196567993
1.719543092
1.838333033
1.671307374
1.078272705
1.154619629
1.33062439
1.39987561
1.095533691
0.878901123
2.829263563
5.519383999
5.540844212
6.850590176
7.201502401
7.76139726
8.187487696
8.704312006
9.001450303
9.406852539
9.583686359
10.16841658
5.963096634
4.012437954
1.886636047
1.701846842
1.64377642
1.443828613
1.084057007
1.08833374
1.10055603
1.162750854
0.938872437
0.832350952
2.167396729
4.608188629
4.725860668
5.866600935
6.520383385
7.283647197
8.135093451
8.7150151
9.195890614
9.532351114
9.594542334
10.13182416
6.365713455
5.215454575
4.737494105
5.243452175
4.482273361
4.991355186
4.872974548
4.054554405
2.8373788
2.548961411
2.20897892
2.582930603
7.631325134
8.804397213
7.158347253
8.330823076
8.480602817
9.0931417
9.627922655
10.07045452
10.60999943
10.73217016
11.27985798
11.77384861
6.661736786
3.582548462
1.68973468
1.571928345
1.57473952
1.433871704
1.004450195
0.971731445
1.091631348
1.059016724
0.898817627
0.799904663
1.793752716
3.357050419
4.543316082
5.802655409
6.352980206
6.949910707
7.405448764
8.041697129
8.147407581
8.392455564
9.062176754
9.32931525
4.871172415
1.907297852
1.176753296
1.100026123
1.087135498
0.819502869
0.664496521
0.607271179
0.591627197
0.678829895
0.614509583
0.635147949
1.278811646
1.45423741
2.81156262
4.501611555
5.703989918
6.785446877
7.495198061
8.341315556
8.671642776
9.32686083
9.612088947
9.925769732
5.962828079
4.708916382
4.174325874
4.641428571
5.07420657
5.872678463
5.099795155
3.8416163
2.932967003
1.995376495
1.282407471
1.173153214
5.780102081
7.221673032
6.237904249
7.575288815
8.004913936
8.519738232
8.705199918
8.847927764
8.955682237
9.075290855
9.05430717
9.353585239
5.731793457
4.405940918
3.705121704
5.144909881
4.611746395
5.358222851
5.009216919
4.998297825
4.407372002
3.669773594
2.574395874
3.001116516
7.457030121
8.690141018
6.535447787
7.737316889
8.337649143
9.1051571
9.624252367
10.06268673
10.39298985
10.84548586
11.3168958
11.84772238
6.635767212
3.711251465
1.873050568
1.503685791
1.53117395
1.516549316
1.138330566
1.261828369
1.361542358
1.38340686
1.107465088
0.941808044
4.248229523
6.446246546
5.785430367
7.056218977
7.847230302
8.600596637
9.021205299
9.101090048
9.408506071
9.809085272
9.727058414
10.18396252
5.904409714
2.545760254
1.267921387
1.259279785
1.399472778
1.284927002
0.974388428
0.997634216
1.127777466
1.088280151
0.880744934
0.796708679
1.385006058
3.957309507
4.292558117
5.660599504
6.217158785
7.068482761
7.78438966
7.997195429
8.385723908
8.377382045
8.665131407
8.810756312
4.451989136
1.338148956
1.107254883
0.966511108
0.986261353
0.998305054
0.874185852
0.901081726
1.247088501
1.420084595
1.336063721
1.658611084
3.93430397
5.687580935
5.23817707
6.108421595
6.449864378
7.264749918
7.674525379
8.126550356
8.314203923
8.462644076
8.624297328
8.905039515
4.541293701
1.436529907
1.076618652
1.006567139
0.988566772
0.929579529
0.720208191
0.885966248
1.045703857
0.940442383
0.858397644
0.935813538
2.798227939
4.401451225
5.032401331
5.751254482
6.475444534
6.460540377
6.495811583
6.829088053
7.020424753
7.340398478
7.442245939
7.562696007
4.64555603
3.613189697
2.644436465
1.724260357
1.494451037
1.794664082
2.086996582
2.838000611
3.183541391
3.641578043
4.013146122
5.060443042
8.53622563
9.444395525
7.380754089
8.148615574
8.395184761
8.663222122
8.990649982
9.165683617
9.384830044
9.408671848
9.472647934
9.576618309
6.175745361
4.846534912
3.066721695
1.610337337
1.501061585
1.358531616
1.109421631
1.296900757
1.301758423
1.378851563
1.727571625
2.277068359
5.317723089
6.966439083
5.67214057
6.098809452
6.710169832
7.631009758
7.83811488
7.98129287
8.552423332
8.627794819
8.645823463
9.160356694
5.424078369
3.784446706
3.244064517
2.920177597
2.007023062
1.670174538
1.253903564
1.393999268
1.410242789
2.091203516
1.474991991
1.179924561
3.783446161
8.880864559
6.88164093
7.687569447
7.906451126
8.507442062
8.754957047
8.694410187
8.936106647
9.067382797
9.052803141
9.064198795
4.955746948
1.823704102
1.225900879
1.225259644
1.365002319
1.158952026
0.851189331
0.905619446
0.986045593
0.803368469
0.970638855
0.898283325
1.45113385
2.746691837
2.856060936
3.382317038
4.077057121
4.612684473
4.528610294
5.48347905
6.305251579
7.289007092
7.36498167
7.416949123
4.346078979
3.072104299
2.695749532
2.321063875
1.788116957
1.525378195
1.154619629
1.250525146
1.370120361
1.248788086
1.128164063
1.082077026
2.775413277
4.937694284
4.023392805
4.825208683
5.217431564
5.673639721
5.917933247
6.105755424
6.36347506
6.557635006
7.054262035
7.121367828
3.820416016
1.193505533
1.178432251
1.116992432
1.158950317
0.912819824
0.566151428
0.348437775
0.367612579
0.515054504
0.407400513
0.473481659
1.230821167
1.486244213
2.16292104
3.439095898
4.471649002
5.761731274
0
0
0
0
0
0
0
0
0
0
0
0
0
0
0
0
0
0
0
0
0
0
0
0
0
0
0
0
0
0
0
0
0
0
0
0
0
0
0
0
0
0
0
0
0
0
0
0
0
0
0
0
0
0
0
0
0
0
0
0
0
0
0
0
0
0
0
0
0
0
0
0
0
0
0
0
0
0
0
0
0
0
0
0
0
0
0
0
0
0
0
0
0
0
0
0
0
0
0
0
0
0
0
0
0
0
0
0
0
0
0
0
0
0
0
0
0
0
0
0
0
0
0
0
0
0
0
0
0
0
0
0
0
0
0
0
0
0
0
0
0
0
0
0
0
0
0
0
0
0
0
0
0
0
0
0
0
0
0
0
0
0
0
0
0
0
0
0
0
0
0
0
0
0
0
0
0
0
0
0
0
0
0
0
0
0
0
0
0
0
0
0
0
0
0
0
0
0
0
0
0
0
0
0
0
0
0
0
0
0
0
0
0
0
0
0
0
0
0
0
0
0
0
0
0
0
0
0
0
0
0
0
0
0
0
0
0
0
0
0
0
0
0
0
0
0
0
0
0
0
0
0
0
0
0
0
0
0
0
0
0
0
0
0
0
0
0
0
0
0
0
0
0
0
0
0
0
0
0
0
0
0
0
0
0
0
0
0
0
0
0
0
0
0
0
0
0
0
0
0
0
0
0
0
0
0
0
0
0
0
0
0
0
0
0
0
0
0
0
0
0
0
0
0
0
0
0
0
0
0
0
0
0
0
0
0
0
0
0
0
0
0
0
0
0
0
0
0
0
0
0
0
0
0
0
0
0
0
0
0
0
0
0
0
0
0
0
0
0
0
0
0
0
0
0
0
0
0
0
0
0
0
0
0
0
0
0
0
0
0
0
0
0
0
0
0
0
0
0
0
0
0
0
0
0
0
0
0
0
0
0
0
0
0
0
0
0
0
0
0
0
0
0
0
0
0
0
0
0
0
0
0
0
0
0
0
0
0
0
0
0
0
0
0
0
0
0
0
0
0
0
0
0
0
0
0
0
0
0
0
0
0
0
0
0
0
0
0
0
0
0
0
0
0
0
0
0
0
0
0
0
0
0
0
0
0
0
0
0
0
0
0
0
0
0
0
0
0
0
0
0
0
0
0
0
0
0
0
0
0
0
0
0
0
0
0
0
0
0
0
0
0
0
0
0
0
0
0
0
0
0
0
0
0
0
0
0
0
0
0
0
0
0
0
0
0
0
0
0
0
0
0
0
0
0
0
0
0
0
0
0
0
0
0
0
0
0
0
0
0
0
0
0
0
0
0
0
0
0
0
0
0
0
0
0
0
0
0
0
0
0
0
0
0
0
0
0
0
0
0
0
0
0
0
0
0
0
0
0
0
0
0
0
0
0
0
0
0
0
0
0
0
0
0
0
0
0
0
0
0
0
0
0
0
0
0
0
0
0
0
0
0
0
0
0
0
0
0
0
0
0
0
0
0
0
0
0
0
0
0
0
0
0
0
0
0
0
0
0
0
0
0
0
0
0
0
0
0
0
0
0
0
0
0
0
0
0
0
0
0
0
0
0
0
0
0
0
0
0
0
0
0
0
0
0
0
0
0
0
0
0
0
0
0
0
0
0
0
0
0
0
0
0
0
0
0
0
0
0
0
0
0
0
0
0
0
0
0
0
0
0
0
0
0
0
0
0
0
0
0
0
0
0
0
0
0
0
0
0
0
0
0
0
0
0
0
0
0
0
0
0
0
0
0
0
0
0
0
0
0
0
0
0
0
0
0
0
0
0
0
0
0
0
0
0
0
0
0
0
0
0
0
0
0
0
0
0
0
0
0
0
0
0
0
0
0
0
0
0
0
0
0
0
0
0
0
0
0
0
0
0
0
0
0
0
0
0
0
0
0
0
0
0
0
0
0
0
0
0
0
0
0
0
0
0
0
0
0
0
0
0
0
0
0
0
0
0
0
0
0
0
0
0
0
0
0
0
0
0
0
0
0
0
0
0
0
0
0
0
0
0
0
0
0
0
0
0
0
0
0
0
0
0
0
0
0
0
0
0
0
0
0
0
0
0
0
0
0
0
0
0
0
0
0
0
0
0
0
0
0
0
0
0
0
0
0
0
0
0
0
0
0
0
0
0
0
0
0
0
0
0
0
0
0
0
0
0
0
0
0
0
0
0
0
0
0
0
0
0
0
0
0
0
0
0
0
0
0
0
0
0
0
0
0
0
0
0
0
0
0
0
0
0
0
0
0
0
0
0
0
0
0
0
0
0
0
0
0
0
0
0
0
0
0
0
0
0
0
0
0
0
0
0
0
0
0
0
0
0
0
0
0
0
0
0
0
0
0
0
0
0
0
0
0
0
0
0
0
0
0
0
0
0
0
0
0
0
0
0
0
0
0
0
0
0
0
0
0
0
0
0
0
0
0
0
0
0
0
0
0
0
0
0
0
0
0
0
0
0
0
0
0
0
0
0
0
0
0
0
0
0
0
0
0
0
0
0
0
0
0
0
0
0
0
0
0
0
0
0
0
0
0
0
0
0
0
0
0
0
0
0
0
0
0
0
0
0
0
0
0
0
0
0
0
0
0
0
0
0
0
0
0
0
0
0
0
0
0
0
0
0
0
0
0
0
0
0
0
0
0
0
0
0
0
0
0
0
0
0
0
0
0
0
0
0
0
0
0
0
0
0
0
0
0
0
0
0
0
0
0
0
0
0
0
0
0
0
0
0
0
0
0
0
0
0
0
0
0
0
0
0
0
0
0
0
0
0
0
0
0
0
0
0
0
0
0
0
0
0
0
0
0
0
0
0
0
0
0
0
0
0
0
0
0
0
0
0
0
0
0
0
0
0
0
0
0
0
0
0
0
0
0
0
0
0
0
0
0
0
0
0
0
0
0
0
0
0
0
0
0
0
0
0
0
0
0
0
0
0
0
0
0
0
0
0
0
0
0
0
0
0
0
0
0
0
0
0
0
0
0
0
0
0
0
0
0
0
0
0
0
0
0
0
0
0
0
0
0
0
0
0
0
0
0
0
0
0
0
0
0
0
0
0
0
0
0
0
0
0
0
0
0
0
0
0
0
0
0
0
0
0
0
0
0
0
0
0
0
0
0
0
0
0
0
0
0
0
0
0
0
0
0
0
0
0
0
0
0
0
0
0
0
0
0
0
0
0
0
0
0
0
0
0
0
0
0
0
0
0
0
0
0
0
0
0
0
0
0
0
0
0
0
0
0
0
0
0
0
0
0
0
0
0
0
0
0
0
0
0
0
0
0
0
0
0
0
0
0
0
0
0
0
0
0
0
0
0
0
0
0
0
0
0
0
0
0
0
0
0
0
0
0
0
0
0
0
0
0
0
0
0
0
0
0
0
0
0
0
0
0
0
0
0
0
0
0
0
0
0
0
0
0
0
0
0
0
0
0
0
0
0
0
0
0
0
0
0
0
0
0
0
0
0
0
0
0
0
0
0
0
0
0
0
0
0
0
0
0
0
0
0
0
0
0
0
0
0
0
0
0
0
0
0
0
0
0
0
0
0
0
0
0
0
0
0
0
0
0
0
0
0
0
0
0
0
0
0
0
0
0
0
0
0
0
0
0
0
0
0
0
0
0
0
0
0
0
0
0
0
0
0
0
0
0
0
0
0
0
0
0
0
0
0
0
0
0
0
0
0
0
0
0
0
0
0
0
0
0
0
0
0
0
0
0
0
0
0
0
0
0
0
0
0
0
0
0
0
0
0
0
0
0
0
0
0
0
0
0
0
0
0
0
0
0
0
0
0
0
0
0
0
0
0
0
0
0
0
0
0
0
0
0
0
0
0
0
0
0
0
0
0
0
0
0
0
0
0
0
0
0
0
0
0
0
0
0
0
0
0
0
0
0
0
0
0
0
0
0
0
0
0
0
0
0
0
0
0
0
0
0
0
0
0
0
0
0
0
0
0
0
0
0
0
0
0
0
0
0
0
0
0
0
0
0
0
0
0
0
0
0
0
0
0
0
0
0
0
0
0
0
0
0
0
0
0
0
0
0
0
0
0
0
0
0
0
0
0
0
0
0
0
0
0
0
0
0
0
0
0
0
0
0
0
0
0
0
0
0
0
0
0
0
0
0
0
0
0
0
0
0
0
0
0
0
0
0
0
0
0
0
0
0
0
0
0
0
0
0
0
0
0
0
0
0
0
0
0
0
0
0
0
0
0
0
0
0
0
0
0
0
0
0
0
0
0
0
0
0
0
0
0
0
0
0
0
0
0
0
0
0
0
0
0
0
0
0
0
0
0
0
0
0
0
0
0
0
0
0
0
0
0
0
0
0
0
0
0
0
0
0
0
0
0
0
0
0
0
0
0
0
0
0
0
0
0
0
0
0
0
0
0
0
0
0
0
0
0
0
0
0
0
0
0
0
0
0
0
0
0
0
0
0
0
0
0
0
0
0
0
0
0
0
0
0
0
0
0
0
0
0
0
0
0
0
0
0
0
0
0
0
0
0
0
0
0
0
0
0
0
0
0
0
0
0
0
0
0
0
0
0
0
0
0
0
0
0
0
0
0
0
0
0
0
0
0
0
0
0
0
0
0
0
0
0
0
0
0
0
0
0
0
0
0
0
0
0
0
0
0
0
0
0
0
0
0
0
0
0
0
0
0
0
0
0
0
0
0
0
0
0
0
0
0
0
0
0
0
0
0
0
0
0
0
0
0
0
0
0
0
0
0
0
0
0
0
0
0
0
0
0
0
0
0
0
0
0
0
0
0
0
0
0
0
0
0
0
0
0
0
0
0
0
0
0
0
0
0
0
0
0
0
0
0
0
0
0
0
0
0
0
0
0
0
0
0
0
0
0
0
0
0
0
0
0
0
0
0
0
0
0
0
0
0
0
0
0
0
0
0
0
0
0
0
0
0
0
0
0
0
0
0
0
0
0
0
0
0
0
0
0
0
0
0
0
0
0
0
0
0
0
0
0
0
0
0
0
0
0
0
0
0
0
0
0
0
0
0
0
0
0
0
0
0
0
0
0
0
0
0
0
0
0
0
0
0
0
0
0
0
0
0
0
0
0
0
0
0
0
0
0
0
0
0
0
0
0
0
0
0
0
0
0
0
0
0
0
0
0
0
0
0
0
0
0
0
0
0
0
0
0
0
0
0
0
0
0
0
0
0
0
0
0
0
0
0
0
0
0
0
0
0
0
0
0
0
0
0
0
0
0
0
0
0
0
0
0
0
0
0
0
0
0
0
0
0
0
0
0
0
0
0
0
0
0
0
0
0
0
0
0
0
0
0
0
0
0
0
0
0
0
0
0
0
0
0
0
0
0
0
0
0
0
0
0
0
0
0
0
0
0
0
0
0
0
0
0
0
0
0
0
0
0
0
0
0
0
0
0
0
0
0
0
0
0
0
0
0
0
0
0
0
0
0
0
0
0
0
0
0
0
0
0
0
0
0
0
0
0
0
0
0
0
0
0
0
0
0
0
0
0
0
0
0
0
0
0
0
0
0
0
0
0
0
0
0
0
0
0
0
0
0
0
0
0
0
0
0
0
0
0
0
0
0
0
0
0
0
0
0
0
0
0
0
0
0
0
0
0
0
0
0
0
0
0
0
0
0
0
0
0
0
0
0
0
0
0
0
0
0
0
0
0
0
0
0
0
0
0
0
0
0
0
0
0
0
0
0
0
0
0
0
0
0
0
0
0
0
0
0
0
0
0
0
0
0
0
0
0
0
0
0
0
0
0
0
0
0
0
0
0
0
0
0
0
0
0
0
0
0
0
0
0
0
0
0
0
0
0
0
0
0
0
0
0
0
0
0
0
0
0
0
0
0
0
0
0
0
0
0
0
0
0
0
0
0
0
0
0
0
0
0
0
0
0
0
0
0
0
0
0
0
0
0
0
0
0
0
0
0
0
0
0
0
0
0
0
0
0
0
0
0
0
0
0
0
0
0
0
0
0
0
0
0
0
0
0
0
0
0
0
0
0
0
0
0
0
0
0
0
0
0
0
0
0
0
0
0
0
0
0
0
0
0
0
0
0
0
0
0
0
0
0
0
0
0
0
0
0
0
0
0
0
0
0
0
0
0
0
0
0
0
0
0
0
0
0
0
0
0
0
0
0
0
0
0
0
0
0
0
0
0
0
0
0
0
0
0
0
0
0
0
0
0
0
0
0
0
0
0
0
0
0
0
0
0
0
0
0
0
0
0
0
0
0
0
0
0
0
0
0
0
0
0
0
0
0
0
0
0
0
0
0
0
0
0
0
0
0
0
0
0
0
0
0
0
0
0
0
0
0
0
0
0
0
0
0
0
0
0
0
0
0
0
0
0
0
0
0
0
0
0
0
0
0
0
0
0
0
0
0
0
0
0
0
0
0
0
0
0
0
0
0
0
0
0
0
0
0
0
0
0
0
0
0
0
0
0
0
0
0
0
0
0
0
0
0
0
0
0
0
0
0
0
0
0
0
0
0
0
0
0
0
0
0
0
0
0
0
0
0
0
0
0
0
0
0
0
0
0
0
0
0
0
0
0
0
0
0
0
0
0
0
0
0
0
0
0
0
0
0
0
0
0
0
0
0
0
0
0
0
0
0
0
0
0
0
0
0
0
0
0
0
0
0
0
0
0
0
0
0
0
0
0
0
0
0
0
0
0
0
0
0
0
0
0
0
0
0
0
0
0
0
0
0
0
0
0
0
0
0
0
0
0
0
0
0
0
0
0
0
0
0
0
0
0
0
0
0
0
0
0
0
0
0
0
0
0
0
0
0
0
0
0
0
0
0
0
0
0
0
0
0
0
0
0
0
0
0
0
0
0
0
0
0
0
0
0
0
0
0
0
0
0
0
0
0
0
0
0
0
0
0
0
0
0
0
0
0
0
0
0
0
0
0
0
0
0
0
0
0
0
0
0
0
0
0
0
0
0
0
0
0
0
0
0
0
0
0
0
0
0
0
0
0
0
0
0
0
0
0
0
0
0
0
0
0
0
0
0
0
0
0
0
0
0
0
0
0
0
0
0
0
0
0
0
0
0
0
0
0
0
0
0
0
0
0
0
0
0
0
0
0
0
0
0
0
0
0
0
0
0
0
0
0
0
0
0
0
0
0
0
0
0
0
0
0
0
0
0
0
0
0
0
0
0
0
0
0
0
0
0
0
0
0
0
0
0
0
0
0
0
0
0
0
0
0
0
0
0
0
0
0
0
0
0
0
0
0
0
0
0
0
0
0
0
0
0
0
0
0
0
0
0
0
0
0
0
0
0
0
0
0
0
0
0
0
0
0
0
0
0
0
0
0
0
0
0
0
0
0
0
0
0
0
0
0
0
0
0
0
0
0
0
0
0
0
0
0
0
0
0
0
0
0
0
0
0
0
0
0
0
0
0
0
0
0
0
0
0
0
0
0
0
0
0
0
0
0
0
0
0
0
0
0
0
0
0
0
0
0
0
0
0
0
0
0
0
0
0
0
0
0
0
0
0
0
0
0
0
0
0
0
0
0
0
0
0
0
0
0
0
0
0
0
0
0
0
0
0
0
0
0
0
0
0
0
0
0
0
0
0
0
0
0
0
0
0
0
0
0
0
0
0
0
0
0
0
0
0
0
0
0
0
0
0
0
0
0
0
0
0
0
0
0
0
0
0
0
0
0
0
0
0
0
0
0
0
0
0
0
0
0
0
0
0
0
0
0
0
0
0
0
0
0
0
0
0
0
0
0
0
0
0
0
0
0
0
0
0
0
0
0
0
0
0
0
0
0
0
0
0
0
0
0
0
0
0
0
0
0
0
0
0
0
0
0
0
0
0
0
0
0
0
0
0
0
0
0
0
0
0
0
0
0
0
0
0
0
0
0
0
0
0
0
0
0
0
0
0
0
0
0
0
0
0
0
0
0
0
0
0
0
0
0
0
0
0
0
0
0
0
0
0
0
0
0
0
0
0
0
0
0
0
0
0
0
0
0
0
0
0
0
0
0
0
0
0
0
0
0
0
0
0
0
0
0
0
0
0
0
0
0
0
0
0
0
0
0
0
0
0
0
0
0
0
0
0
0
0
0
0
0
0
0
0
0
0
0
0
0
0
0
0
0
0
0
0
0
0
0
0
0
0
0
0
0
0
0
0
0
0
0
0
0
0
0
0
0
0
0
0
0
0
0
0
0
0
0
0
0
0
0
0
0
0
0
0
0
0
0
0
0
0
0
0
0
0
0
0
0
0
0
0
0
0
0
0
0
0
0
0
0
0
0
0
0
0
0
0
0
0
0
0
0
0
0
0
0
0
0
0
8.121852156
8.340390272
8.390912245
8.211833204
8.152062439
8.16327589
8.450472143
5.505602295
3.903804199
2.818595122
3.003194321
2.202564534
2.746773853
2.600787109
2.483682274
2.512986515
2.710965442
2.989304358
3.844366882
6.734145714
7.78385034
5.715721413
6.28748045
6.490486464
6.586761686
6.86505299
7.004336637
7.142202576
7.222516352
7.199822693
7.085516104
4.683231201
3.717219849
3.173003479
2.853123712
1.559147737
1.224480835
1.00602179
1.794402588
1.872868661
2.054796283
1.976665833
2.953716919
4.562083204
5.231338623
5.607723808
6.180792391
6.386243322
6.769266975
6.887552868
7.03042404
7.167562054
7.167743586
7.321468555
7.373562616
4.910855347
3.899125122
3.377357295
2.795134617
1.848533215
0.864778259
0.638335388
0.733194336
0.786023926
0.824789856
0.851667297
0.92043026
2.795758544
5.13775503
3.84112034
4.439665081
4.594566988
4.956307669
5.130852184
5.502185133
5.957059853
6.023106884
6.019788364
6.25532449
4.66549292
3.681721772
3.155166262
2.96091479
2.59544129
2.075821458
1.141854492
1.121069214
1.094309082
1.079410767
1.110213501
2.11136615
5.986409477
9.129361874
7.253307461
8.668154324
9.208321133
9.185073605
8.780969784
8.791529659
9.075615658
9.437230099
10.22493811
11.68402148
8.156684778
6.179935036
4.033805496
2.517074284
1.978154434
1.690751119
1.203745728
1.173579468
1.332924316
1.674948475
1.584606619
3.149106637
7.317604977
10.01394503
8.172287975
9.35914114
9.770347256
10.44645727
10.62879895
11.12504016
11.41549401
11.27532373
11.38122839
12.43492785
8.013886693
5.450141063
2.773906166
1.812832174
1.699307415
1.408862537
0.981162903
1.027519653
1.166213867
1.251122437
1.088762451
1.503548676
5.432876579
7.225712915
6.293598581
7.426931759
8.474410995
9.062784901
9.318728065
9.328751453
9.592376007
9.575371691
9.912693405
10.05481873
6.374258179
4.185623894
1.734989028
1.571281809
1.404306274
1.174847412
0.795565613
0.777033875
0.948838257
0.991526733
0.945744446
1.019934998
3.258545503
5.755593647
5.697251518
7.178056108
7.596068129
8.151995214
8.370704763
8.530721619
8.879420702
8.80901326
8.997292881
9.029567616
5.713745789
3.742813354
1.803208893
1.57488795
1.592562847
1.346857422
1.001457092
1.179228638
1.290363892
1.420937622
1.163082886
2.017692566
4.59365503
6.359636671
5.532979834
6.423867752
6.841646178
7.247331829
7.512161504
7.825532633
7.742436999
8.106479435
7.925568309
8.351360304
5.394284668
4.126559448
3.384822266
2.839931981
1.998834479
1.43406958
2.414107666
2.571385742
2.466835083
2.561559234
2.272551819
3.14576062
4.783043507
5.808610343
6.401375301
6.694475963
7.070648488
7.458355434
7.707175472
7.724116136
7.745919992
7.837123338
7.812929484
7.870038037
5.161493164
3.939725464
3.158304565
2.628602724
1.860775826
1.426278809
1.018995483
0.911938904
1.158145996
1.238262939
1.132024658
2.729332153
6.107174376
7.855258898
6.442136732
7.527686092
7.954519684
8.409453941
8.965617872
9.236721991
9.380664618
9.56580475
9.722910454
9.975176601
6.60132354
4.78022702
2.995567614
1.840001945
1.60671136
1.396449707
1.078004272
1.134779663
1.372412109
1.751701608
2.179226257
3.185227661
6.673783361
7.493674974
6.26205788
6.956433985
7.213236691
7.335712261
7.424732925
7.368742674
7.312788709
7.406458642
7.359279078
7.487382304
4.658430908
3.581478271
3.209332153
3.175920815
3.129366723
3.28795681
3.09959668
2.972752441
2.739470218
2.582664035
2.401029297
2.988870728
6.228270279
7.552752546
5.487711752
6.421190746
7.127498016
7.835257435
8.267819365
8.582694601
8.752033571
8.814026697
8.890015207
9.010751551
5.981380127
4.686047241
3.535012982
3.185229958
2.267779434
1.558102634
1.039877075
1.004365479
1.263319458
1.315054443
1.194831055
3.475975611
7.918579672
9.501906979
7.565772448
8.700692966
8.987872217
9.808298351
10.39992353
10.51419857
10.68433534
10.71759253
10.66508291
11.08325905
7.549808807
5.19361171
2.693173061
1.734477972
1.581346273
1.237876221
0.852689453
0.823261475
0.87726123
0.959930542
0.946113647
1.557451172
4.767891565
6.758318169
6.048593246
6.766025063
7.235209129
7.96162355
8.478049555
9.28140093
8.981987
8.805487341
9.259874447
8.890508509
5.271555664
3.36194751
1.287687256
1.281695801
1.060086548
0.743727295
0.523970947
0.571140808
0.680201599
0.660833008
0.750740967
0.900105164
2.392783325
3.492483685
3.324541161
4.509231876
5.285721985
5.918802258
7.090231195
7.492475121
7.905627869
8.142940838
8.360449772
8.581234047
5.354572998
3.844338501
2.171215842
1.509460105
1.444167969
1.116544312
0.846185242
0.856386292
0.758950439
0.790507568
0.850019958
0.980712891
2.60034128
3.397713625
3.953500933
4.466278584
5.018333214
5.677366543
6.273963974
6.923987816
7.365598099
7.11293362
7.222280209
7.602203949
4.952622559
3.228477661
2.49748834
1.979997336
2.664714123
3.86225136
2.803445902
2.835144991
3.524400196
4.26083765
5.730604292
7.57291708
11.84220758
12.76471879
9.734932629
10.67144696
11.02348407
10.82464544
10.97690533
10.95411493
11.26169043
11.22679174
11.28714868
11.98094085
7.887732834
6.282615191
4.385562967
4.214338982
4.238257622
4.226123365
4.664067338
2.898731178
3.007285675
4.114903395
4.994698689
6.60665332
10.98398643
10.66058827
8.361998428
8.899972706
8.749105013
8.88051049
9.015572579
9.062361278
9.276913781
9.62266721
9.478720078
9.6422213
6.277937927
4.895924072
3.777595825
4.748267282
4.446178848
5.361130049
4.787084656
5.306117442
4.770151379
4.691757116
5.167375122
6.374495483
9.887765679
10.38950682
7.871536586
8.884768678
9.035853146
9.401086647
9.586141319
9.893001232
10.1246693
10.33661756
10.42608089
10.81801068
6.83233313
5.795499756
5.109543579
8.404504213
7.63485638
7.917867744
6.98463269
5.884732056
5.898682743
5.823600298
6.298364868
7.293245728
11.48202911
11.68716047
8.207251967
8.82008167
8.634392349
8.890240669
8.809613793
8.851651078
9.04841802
9.302526724
9.519687119
9.762657817
5.917033142
4.805437378
4.140571167
5.034872437
3.187960449
4.247138184
3.577443481
3.174752472
3.200622375
3.022876526
3.599419556
4.147975159
6.888361694
8.002355982
5.37350121
5.925327553
6.038302281
6.530975379
6.209485621
6.285628308
6.182172895
6.115806524
6.167417142
6.836086449
4.26158667
3.322633728
2.838814331
3.028356247
3.299954293
2.466185212
2.731342552
2.523637207
2.230433472
2.529171875
2.439085693
3.404981461
6.677347241
7.94749017
5.20379473
5.902456524
5.953824457
6.406099844
6.255043716
6.379116016
6.609138222
6.629142244
6.690502552
6.566271236
4.158196655
3.264567505
2.954376953
2.881735352
3.084544631
3.190594243
4.133019545
4.267451262
4.095543415
4.156124542
4.17444432
4.301791748
5.716585672
6.402838697
6.826738831
7.459473473
8.344125084
8.506827038
8.650758923
8.774605049
9.116492935
10.01625225
10.89891516
12.30430359
8.008196169
6.919374657
6.12228713
9.575699917
8.53458984
7.780093502
7.067928139
6.373082712
6.198378628
7.052910763
8.547740194
9.064657056
11.17931549
11.15928183
7.460918812
7.412111912
6.976352238
7.814520094
8.310108482
8.150530741
8.024072773
8.33784936
8.447093039
9.146946474
6.755321411
5.617481428
4.627246226
5.751180515
6.365072342
7.309113228
6.987927464
5.48743576
4.318771521
5.466193926
6.030846507
9.093145879
14.305468
13.53373947
9.629145851
9.909975561
9.85497637
9.877252125
9.828238028
9.78852523
9.800921556
9.833500521
9.90000176
10.88001905
7.36256543
6.034205643
4.673037491
7.113930403
6.672448288
6.932083239
7.962554246
7.933311428
6.940568443
6.642408648
6.728408432
7.480824707
10.8129886
10.91210693
8.148804753
9.155227523
9.223264538
9.55256053
9.641682981
10.02748061
10.38938456
10.39311797
10.47937753
10.3291457
6.428703674
5.47937207
4.910450684
7.464627496
5.809401214
5.467984725
5.245922607
5.188158936
4.200764771
4.401371551
4.364486145
4.633245056
7.902513668
9.298981412
6.462610497
6.477470813
6.486440429
6.782693938
6.947793387
6.966570501
6.642682929
6.834315633
6.996912163
6.80212865
4.099592407
3.200590454
2.798664734
3.124490265
3.325983704
3.348942993
3.349341766
5.001139832
5.299314947
5.184135771
4.619137939
4.951594421
10.16889742
11.1902013
7.409260059
7.657963274
7.596278578
7.85050655
8.051454466
8.20946666
8.459992315
8.794652283
8.928699144
9.154460026
6.613733032
5.439162598
4.756026271
5.684879509
6.625625473
7.514768726
7.421337063
7.863238117
6.685208515
7.390658199
7.579342243
8.19077771
11.01943251
11.05278987
8.757230363
9.919047523
9.038329292
9.041303029
9.169083632
9.482504843
9.64008921
9.917552198
9.869329092
10.16052158
6.682534241
5.610926147
4.98041333
4.887802626
4.761889921
5.230695105
5.345670044
5.737056171
5.120257421
5.056135057
5.041435015
5.652099731
8.315372914
8.8968121
9.249121004
10.19759405
10.54845651
10.97091773
10.90124906
10.88895511
11.3416136
11.08875764
11.49948878
11.65660595
6.876554321
5.864294922
5.372146484
9.259372889
7.878959911
7.971252596
8.034713745
8.174223719
7.631626753
7.496260145
7.381559082
7.684826538
10.83801024
11.28455336
7.537797016
8.268695302
8.217887307
8.437207301
8.766569659
9.029001243
9.300056907
9.411593068
9.52254603
9.742949445
5.897005127
5.11009436
4.783791504
7.474334353
4.920192143
4.926110893
5.888759399
6.324732544
6.043373642
6.388901201
7.305842163
7.655785645
10.65608711
11.21963125
7.692453982
8.071649736
8.005068765
7.929802495
7.893076398
7.776036536
7.604879014
7.211165129
7.018601213
7.015806609
4.41981958
3.765216919
3.616531738
5.286957397
5.059623082
4.807037503
3.529992126
3.876846802
4.015017166
4.239084281
4.851191284
6.119654297
9.760360016
9.793297613
6.7914703
7.285358011
7.308088629
7.191354063
7.109662929
7.298724072
7.327195923
7.287294046
7.341203907
7.385163327
4.803623352
4.080442017
3.724894653
4.817440468
4.818184933
5.407091598
5.287261475
5.469278183
5.066020366
4.770079813
4.580561646
4.810953247
7.838045111
8.718731923
6.017812847
6.500623192
6.749870729
7.112280752
7.416923244
7.501242599
7.625501093
7.624133909
7.652285709
7.828322023
5.429384277
4.606247925
3.924165962
5.672079341
5.524349064
4.707541978
4.257810364
4.491912258
5.258593588
5.374594465
5.339886125
6.148119873
9.44403377
10.22067458
7.07304615
7.308213831
7.223064779
7.270438148
7.495097757
7.353852497
7.283087828
7.609289793
8.058721565
7.996363737
5.547638062
4.907148438
4.575051851
4.644527361
3.30978126
4.268861549
5.027085011
4.757527138
4.838338493
5.902524788
6.668129528
6.468899682
9.764978527
10.95902155
7.868910835
8.035389709
7.981130795
7.893428749
7.884977715
8.442969147
8.823299938
9.099974659
9.201927189
9.404912663
6.78949939
5.890346574
5.203318684
5.877256966
5.784297604
6.075472897
5.743044479
6.019488428
5.279636772
5.493102291
5.526264009
6.03616151
8.321568398
8.471773342
8.683528797
9.646883322
10.70210154
11.02019403
10.64762505
10.33258955
9.949860027
9.753534367
9.772610706
9.794148504
5.982449463
5.005599854
4.450492676
7.194916792
6.162268534
6.574376808
5.8233302
6.129029112
5.756618938
5.290947329
5.160319702
6.303443604
9.486560071
10.24672587
7.26522349
8.105795567
8.532630877
8.835078669
9.000257887
9.197886793
9.117635021
9.04313364
9.23060428
9.392748197
6.037765198
4.990039185
4.674970947
7.562493071
6.792396732
7.767725954
8.581765772
8.109098616
7.215068211
6.583051069
6.56144812
7.476282471
11.88934665
11.49233149
8.077977217
8.818473747
9.085602774
9.7131874
9.612608556
9.741287714
9.761203445
9.955616143
10.130614
10.64949717
6.794735718
5.897017632
4.798725232
7.705634111
6.113673656
7.172137712
6.918309692
5.129251425
6.026404156
5.847701374
6.802318407
8.32845752
12.29798088
12.55955781
8.85332266
9.552064922
9.437542266
9.586356044
9.601436985
9.674628525
9.851500743
9.916006269
10.11573915
10.28649983
6.446867004
5.591205933
4.454240967
5.843107947
4.371279747
4.394527594
4.788053589
5.146339111
4.991906513
5.222110355
5.662893921
6.598088379
10.44993775
10.95008879
7.904327362
8.482582111
8.52218797
8.699561916
8.743073017
8.832462003
9.202272723
9.366943637
9.586164628
9.906043627
6.26203479
5.403895386
4.968919922
8.19850015
7.156804235
7.334171894
7.090894409
6.838463754
6.328315521
6.350422571
6.600331177
7.212703979
10.53550139
10.93446977
7.641623247
8.188387844
8.157880875
8.386936634
8.630278242
8.798281152
9.416883712
9.846915324
9.926562867
10.33470442
6.438256714
5.57277002
5.225438477
8.975325285
7.78950572
8.131784016
7.578792969
6.814702991
4.919280524
4.861570654
5.123456421
5.823095398
9.330082123
9.69063836
6.720553488
7.383451047
7.090982037
6.588062381
7.089903296
7.543379272
8.044128256
8.778782969
9.254563899
10.05236438
6.577355042
5.648901978
4.77135498
4.567802136
4.651635902
5.018896442
4.771321533
4.687256958
4.441826091
4.363567821
4.243482544
4.548258911
6.251813965
7.141892634
7.637700317
8.482606801
8.621740245
9.043202452
9.220533227
9.360856123
9.553732362
9.65067732
9.765527642
10.26474483
6.47060675
5.550134399
5.327747803
9.678046543
8.77563961
9.579901016
8.799140216
7.546636387
7.531868275
7.552569328
7.837114675
8.81684314
12.59440179
13.14380701
9.379909098
11.01916177
11.31013766
11.90354009
12.09213487
12.2912608
12.56108998
12.86146748
12.807345
13.51521909
8.491759079
7.17347554
6.157834229
9.525345778
8.344060513
8.540258005
8.088918579
8.051561494
7.537332077
7.872916958
8.501913886
9.555949341
13.59341548
14.30384241
9.911396771
12.10070309
12.46630493
12.70257369
12.85864915
12.99186816
13.21644919
13.28364576
13.46239528
14.37823094
8.705451233
7.016414825
6.046772949
8.81788909
6.116152458
5.245188444
5.138453735
5.581776489
6.52449585
6.911481983
7.218584595
7.678017334
11.75464549
12.84838122
8.527232298
10.27745074
10.5844599
10.79567624
11.27010788
11.16077206
11.55258352
11.78348685
12.10469558
12.6830794
7.576556274
6.157359741
5.556201538
9.280951416
8.070666992
7.781872559
7.328528442
7.240160156
7.324127808
7.507220703
7.260228027
7.27899707
11.11713145
12.69487924
8.299960163
9.675337379
9.956115814
10.11724823
10.25432323
10.39898804
10.65238979
10.96231849
11.01075361
11.58144818
6.563116119
5.583545166
5.479081665
9.451325928
7.843156006
6.48990332
5.843088379
6.131893433
6.908372925
7.330715698
7.714839722
8.118987793
12.17996644
13.45176993
9.160230673
10.62963734
10.76091241
10.69417012
10.7205897
10.74262626
10.83050911
11.00738005
11.15522973
11.35280161
7.152018799
6.005793579
5.444081299
7.102512207
3.905435669
2.694855743
2.840855499
3.770998169
4.942603394
5.740002563
6.428676636
7.257212158
11.64165219
12.79128226
8.492028551
10.14993095
10.32344608
10.35251051
10.30494385
10.24682517
10.61932224
10.68530262
10.90963736
10.95625348
6.317758896
5.54293103
5.059360962
3.967349365
3.181705566
3.894673706
4.383804443
4.642337891
4.29674646
4.419491821
4.40939563
4.679105225
6.384631653
6.984142056
7.575967232
8.18260455
8.558744822
8.810277486
8.791180512
8.918895989
9.107629784
9.161458897
9.262138616
9.435316254
5.630542786
4.962111938
4.681872559
7.699843262
6.441597676
7.15900976
6.286054565
6.275845459
5.609641921
5.584504829
6.598498413
7.854000122
12.12152543
12.60191209
8.850676552
10.47099983
10.72531473
11.25295895
11.34680961
11.72358738
11.83018588
11.71024232
11.07980731
11.74175491
7.070559814
6.466684448
6.107101435
9.537973531
6.825692137
6.405895156
4.768305542
5.828516357
6.246735107
6.996925486
7.886670654
9.414175293
13.13082423
13.32270361
9.792290754
11.72530382
11.70156731
12.25010124
12.79030945
13.13788444
13.50253789
13.57118306
13.6415263
14.60766864
8.854238495
7.394231537
6.917674493
10.84889618
9.152557341
8.309917227
7.503745972
7.474272774
7.426650745
8.105234461
8.563270386
9.116737915
12.99382814
13.718745
9.432716373
11.40175796
11.51303856
11.79806602
11.98811581
12.02478284
12.06364238
12.11212841
12.48314178
13.60492308
8.09722336
6.85358313
6.531444824
10.326001
7.819616068
6.731709247
6.325070435
6.65372583
7.071602703
7.361852087
7.565242065
8.192894165
12.07495403
13.01949976
8.65045854
10.30429947
10.40251753
10.77930822
10.95057215
11.20236273
11.46894821
11.71070439
11.97140792
12.7433669
7.492870239
6.398692993
6.100631958
8.913951904
5.414634033
4.605163696
5.381960938
4.374519409
5.111358398
5.683068115
5.667209595
6.43481311
10.00298578
11.1314436
7.522406768
8.929966994
8.724657784
8.91694775
10.37978828
10.83153423
11.10565118
11.23597292
10.90277863
10.95984503
6.452064087
5.635072998
5.425682007
8.046606934
4.514704784
3.600961176
4.274317993
4.801450134
5.125464355
5.783509304
6.009139038
6.749411743
10.60936505
11.45367523
8.170778517
8.824342078
9.083392654
9.574841202
10.02760631
10.50607756
10.47488946
10.50157687
10.88044676
11.34527395
7.078647461
6.204025757
5.927695023
6.001285267
6.054704531
6.021960184
5.790756226
5.809584975
5.695291872
5.850746964
5.743448975
6.100370239
8.328977315
9.374233092
9.658109571
10.76767521
10.69656151
10.79028991
10.84531569
10.83014576
10.84929951
10.76842315
10.85030169
11.17490311
6.625665833
5.940362793
5.691663574
9.409573665
7.913824257
8.105811536
7.93486438
8.008353274
7.707732685
7.581181074
7.541223877
7.73947998
11.03833973
11.3271134
7.526947144
8.798479021
8.770580402
9.041510236
9.209157071
9.035476724
8.968687284
9.541743228
9.508912264
9.644792642
5.835018799
5.176011841
5.01009729
8.447538802
7.218757872
7.474133385
7.027965942
6.97344458
6.299548739
6.388623618
6.512908813
7.308878784
10.72759549
11.08534862
7.77844878
8.616841107
8.794499961
9.104587556
9.41871026
9.894749513
10.03507674
10.0967551
10.33686945
10.2897377
6.648897644
5.804582642
5.452268677
9.290083969
8.110738544
8.763730621
8.407396362
8.436973457
7.608745981
7.620665314
7.685302734
8.378178345
11.83803571
11.90825771
8.496186368
9.451324622
9.596750321
9.884768687
9.859790295
9.77946659
9.678963926
9.718415945
9.742024866
9.944627542
6.170001648
5.338192139
4.942321655
6.67973958
4.735568462
3.953343613
4.771519226
5.263063872
5.75233003
6.18733268
6.799416667
7.662987183
11.17113531
11.28954505
8.287393217
8.900312869
9.131143034
9.17210635
9.573000134
9.875058246
10.16479416
10.11605162
10.16835861
10.19733629
6.386144348
5.438138428
5.039073608
8.21212295
7.379902557
7.785161739
7.51976123
7.33819642
6.430521694
6.610389423
6.535372925
7.139867798
10.31849432
10.47845212
7.282726368
7.891313825
8.417540368
9.238517917
9.335307154
9.544140368
9.803838965
10.52955621
10.65978622
10.69528679
6.712106506
5.814532471
5.538531128
9.564062155
7.99250563
8.728002016
7.667012803
7.027477309
7.382476803
7.579996069
7.97126274
8.760427124
12.08628931
12.07892753
8.729815707
10.29628674
10.30830228
10.67349768
10.75375672
10.83501677
10.9530322
11.16144655
11.18408842
11.38236439
6.939588867
5.972849976
5.729823608
5.816019047
5.825843821
5.68166217
5.489050049
5.459781927
5.474212097
5.520735638
5.346528076
5.595140747
7.611748466
8.337890716
8.900253834
9.319116995
9.142161994
9.084735841
9.069656391
8.905539449
8.863864599
8.711751718
8.55924035
8.525360992
5.101782349
4.235215149
4.076672241
6.687480835
5.859518536
5.709266008
4.850081543
4.622387329
4.816862793
4.975219078
5.822344116
6.554223877
9.321292908
9.704663619
6.746879268
7.184697984
7.538840565
8.099146723
8.282887929
8.33360753
8.496382436
8.68199579
9.007106643
9.493261893
6.084192566
5.23103833
4.921272217
7.874048029
6.528239962
7.583545746
7.973268311
7.746878025
7.107634335
6.895130543
6.586538452
7.097948242
10.10855527
10.09151357
6.834468205
7.090397689
6.99622374
7.139921886
7.007625058
7.005879628
7.067197561
7.33357458
7.477504843
7.505068909
4.9824505
4.472532227
5.315183971
6.98001165
6.287990742
7.394081511
8.106382002
10.39646403
8.45664291
7.84748547
7.925426026
8.634394531
12.12659115
11.80168392
8.943441569
9.860142972
9.87972817
10.23568871
10.35725195
10.60827542
10.77353044
10.79491769
10.98046889
11.33604715
7.215128071
6.389660194
6.170838195
9.830870687
8.125870937
8.978946053
8.951186333
8.635475475
7.883791763
8.050751881
8.34121217
9.341149048
13.35441548
12.9461679
8.991280356
9.916327152
9.668802299
9.864794325
9.888042932
9.459022285
9.24046386
9.412639082
9.344060444
10.02083513
6.225956604
5.424290039
5.196161133
8.279625071
7.353371328
7.588734449
8.037409058
6.978012576
6.643813835
7.15743354
7.606451538
8.114459106
11.64612576
11.82374535
8.444756755
9.63212799
9.403597041
9.849249118
9.906095674
9.791903272
10.00506348
10.17428832
10.43192659
10.92773893
6.619537537
5.765823608
5.520101196
9.462807672
8.349144287
9.08975572
9.142541929
9.069398057
8.287440166
8.203445173
8.220013797
8.65971228
12.20715024
12.56647592
8.832600452
10.11160462
10.03260567
10.15140343
10.19399319
10.27134545
10.38380114
10.54871986
10.70780449
11.02343588
6.67052063
5.971666626
5.561935547
5.048337725
5.359026495
5.974135532
6.043411004
5.88752673
5.732742781
5.81546549
5.789810104
6.353164307
8.598158489
10.07133591
10.33490008
11.27286873
11.44595399
11.75133219
11.90866373
12.20576388
12.22321382
12.20988389
12.33074477
12.83873509
7.610924011
6.333683472
6.137327759
10.87135247
9.440723652
9.849330879
9.675703735
9.402980418
8.80544706
8.779434398
8.730646851
8.997720703
12.66868157
13.38594171
8.914720234
10.48068289
10.61567132
10.83722288
11.05364511
11.39488623
11.70778733
11.86397066
11.90338437
12.54269415
7.327983612
6.171905762
6.023250854
10.45705203
8.72832704
8.462331869
8.226879028
7.98472876
7.929813669
8.150031651
8.197682983
8.397671143
12.24042095
13.28652726
9.078238619
10.98942947
11.27439302
11.33828989
11.46047899
11.91629271
12.15194934
12.18095679
12.43228607
13.26443086
7.68279425
6.348425293
6.25886792
10.9721043
9.810738048
9.667816687
9.494691772
9.480859863
9.304079206
9.365171112
9.152059204
9.268852783
13.24695682
14.54598118
10.12943395
11.51127474
11.62306215
11.52515878
11.56449906
11.71354402
12.11626625
12.47968724
12.75329574
13.96279586
8.451374146
6.967041107
6.810588745
10.60041248
7.151231807
5.960349731
6.304635742
7.549312378
8.326108887
8.520056885
8.291531128
8.287865112
12.22672093
13.80739008
9.406371689
11.14640993
11.77831893
12.07141207
12.38991375
12.73860208
13.03991038
13.2757737
13.53522125
14.85144722
9.241296265
7.755978943
7.50332486
10.52230095
7.36067403
6.272693945
5.887964111
6.62868689
7.896538696
8.583243341
8.742307983
9.030186401
13.25764248
14.98702106
10.6957324
12.31736615
12.64249753
12.71930333
12.94224473
13.27505286
13.43566453
13.67954961
13.97438809
14.29618716
9.425972656
7.651024994
7.335380402
12.07617151
10.98581423
10.63136649
10.32642114
9.772430298
9.779718697
10.17094083
10.13216626
10.254474
14.28955135
15.71436838
11.44826291
12.92178344
13.1891798
13.6504391
13.78161154
13.99755153
14.20499189
14.38414594
14.49606766
14.81204411
10.20414355
8.742063599
8.340238831
7.054011796
6.199013382
5.084413899
4.93234668
5.357704346
6.054827637
6.508479251
6.523141235
6.791418579
10.36457939
12.34671475
13.00391395
13.61898291
13.83081921
14.10837436
14.27090961
14.5756059
14.64621202
14.58353633
14.74399265
16.11122718
10.35044141
8.776543701
8.386297791
11.33821533
8.125111497
6.610270386
6.289954712
6.717670898
7.742363525
8.44150708
8.612714722
8.846962158
13.02654313
14.96072121
10.86910199
12.36647772
12.84267249
12.78921943
13.25464207
13.43383565
13.74256034
13.97407689
14.20060385
15.6622433
10.04321509
8.653529236
8.540658142
12.69968267
10.65082119
10.11813591
9.861574463
10.03975402
10.57871119
11.04879456
11.00347949
11.04832349
15.40167886
17.00633438
12.69848708
14.26637168
14.74210668
14.53283019
14.9498378
15.36684514
15.52991076
15.6732525
15.93896904
17.25398309
11.4159646
9.77293811
9.456575462
12.67062875
9.644682781
7.81219331
7.305372681
7.561909424
8.463687622
9.220768921
9.254975342
9.61738208
13.91079595
15.87603135
11.50551652
13.17977826
13.44046864
13.43721712
13.5624134
13.68458733
13.93769
14.17330612
14.34600005
15.76999718
9.92058728
8.431902405
7.939806915
10.59779187
7.182451416
4.847193726
4.101651733
4.648635254
6.1491604
6.904539063
6.995584595
7.503293335
11.85974681
13.98351468
9.638283581
10.92728994
10.4082329
10.16791254
10.17498141
10.51286569
10.77997521
10.70199476
10.94486163
12.21684388
7.098304932
6.00963916
6.061640137
10.27693372
8.909954834
8.408201538
7.577591553
7.823042847
8.103386475
8.51003197
8.446762695
8.642047607
12.29994435
13.72504421
9.260494524
10.84358049
11.11626851
11.35982074
11.78043022
12.07341921
12.12901277
12.12734443
12.43373965
12.84524406
8.267803833
6.968537476
6.781300171
9.934515687
6.740542465
5.515889315
4.797008057
4.852908569
6.050811279
6.874763869
7.550040649
8.380934326
12.40944698
13.14738853
8.889110558
10.46930415
10.64058403
10.8866086
11.00039499
10.98902946
10.84579656
10.54272323
10.6468411
9.918254876
6.827313843
6.58415918
6.464927368
6.468210416
6.450075489
6.464620968
6.402485107
6.342750621
6.178618288
6.21049383
6.111793945
6.299397949
8.497175116
10.42515351
10.8000843
11.40007242
11.50542393
12.01389518
12.22785183
12.27536197
12.36160003
12.31741229
12.35703893
13.45910479
7.930977112
6.503740234
6.258739624
9.304332108
6.042897289
5.237828503
4.851925781
5.733120117
6.704245738
7.602229868
8.188471802
9.023820557
12.80674314
13.50446239
9.310915392
11.20084351
11.26773626
11.38973521
11.84800435
11.80629539
11.78622298
11.97259512
12.12660713
12.80609699
7.537547821
6.45113269
6.384514404
10.70147218
9.075726114
10.40095131
10.73570252
10.38514516
9.602686953
9.450001743
9.561262554
10.18780432
13.42381054
13.81008926
9.29308709
11.11902386
11.26225072
11.21355295
11.40400066
11.58019727
11.83304652
12.22994848
12.22150653
12.91193364
7.450822067
6.572039551
6.354459229
11.12908579
9.837540396
10.34049856
10.2861689
9.988914459
9.599113503
9.616423676
9.622555956
10.11267017
13.80642041
14.55855
10.09946497
11.7453252
12.23770158
12.58466287
13.05534007
13.35742066
13.30597862
13.53035151
13.55987912
14.81410868
8.653604536
7.045589233
6.809679199
11.13630008
10.16843096
10.26331373
10.08589966
9.99712315
9.669719103
9.616082718
9.475061523
9.664275879
13.41233887
14.28912278
9.646943237
10.87148023
9.023850632
9.039449489
8.961995483
8.921949973
8.967628283
9.158796489
9.366486025
9.699362424
5.64589325
5.084139893
5.221888062
8.426957275
6.601772495
7.252884604
7.280265991
7.689644775
7.409168636
7.415769951
7.514807617
8.213060303
11.81679354
13.19957353
9.678284405
11.56243872
11.77023141
11.98668026
12.0211297
12.23551801
12.28322981
12.555519
12.71965812
13.1943991
8.188793236
7.242705505
7.040106596
12.00127815
11.11959538
11.35066446
11.3640961
11.57603996
10.8662458
10.63824006
10.63116227
11.09657922
14.90273328
15.33202614
10.81667643
12.42844803
12.57705331
12.90811774
