12.42
16.13
12.25
16.65
12.62
17.35
18.5
18.54
18.49
16.5
17.83
15.91
18.07
14.74
18.08
13.83
18.7
16.57
18.53
16.79
18.01
14.77
14.1
15.87
13.2
16.66
12.47
16.73
13.74
16.13
14.22
18.97
18.02
16.42
17.59
15.18
17.13
14.43
18.28
14.27
18.95
16.04
22.99
20.21
18.06
14.43
13.77
15.18
15.33
16.6
13.31
18.49
13.56
20.08
17.98
22.2
20.42
23.6
23.61
27.32
21.32
17.13
20.53
16.19
20.39
17.71
23.27
21.96
22.1
15.73
14.58
15.74
13.77
17.16
12.7
16.85
13.92
18.69
19.25
21.51
20.67
20.62
20.04
18.4
21.19
16.95
21.01
16.45
20.48
19.36
24.25
22.68
20.38
15.84
15.05
16.3
14.51
16.23
14.25
16.76
14.23
17.84
18.82
25.43
21.35
22.64
18.86
21.58
19.85
19.48
19.28
18.15
20.85
22.37
22.27
18.36
21.59
14.24
17.02
12.99
17.29
13.37
16.73
13.74
16.36
15.32
22.67
24.97
23.09
23.12
21.03
23.5
18.67
22.6
18.7
21.07
18.15
21.13
21.67
25.02
23.05
16.71
15.61
15.51
15.82
14.64
16.92
13.74
18.59
14.92
24.6
25.28
29.6
27.72
27.63
24.93
27.22
28.11
23.89
19.87
17.34
20.84
19.64
25.44
18.83
17.75
12.69
16.63
13.23
15.71
14.07
14.96
15.37
14.29
23.69
20.52
22.78
19.66
22.8
16.06
18.04
16.25
16.96
16.25
20.86
21.93
20.53
22.58
15.87
15.97
11.52
16.62
12.5
16.55
12.51
15.96
14.48
16.49
14.17
20.94
19.28
18.92
17.99
15.89
16.84
16.32
21.56
18.84
23.24
22.17
22.54
15.09
19.57
12.9
16.3
14.06
15.26
15.14
15.45
15.57
14.89
19.25
27.43
59.22
76.92
79.08
72.3
63.51
55.6
53.81
42.46
35.62
29.83
38.49
33.57
36.06
33.68
22.37
15.24
17.61
16.56
16.71
17.36
16.21
18.03
18.37
32.72
62.08
78.65
76.53
70.3
62.26
54.54
46.5
42.68
29.88
31.83
33.92
40.67
37.66
36.45
18.25
19.21
14.83
18.95
14.77
18.82
15.29
19
16.75
28.09
53.14
65.42
76.12
74.22
63.62
60.8
60.94
45.81
36.06
28.16
27.72
17.59
24.23
21.57
22.16
13.8
16.94
14.22
16.13
14.83
15.39
16.02
16.1
26.52
56.14
75.82
77.38
83.21
62.33
64.1
47.03
41.84
30.04
32.63
31.1
34.05
34.14
33.49
21.36
17.23
15.45
15.5
16.1
14.7
16.94
14.05
18.27
25.3
71.16
83.31
84.76
82.3
64.6
57.42
44.65
38.46
32.53
28.93
23.73
24.76
20.03
24.33
16.23
16.84
13.78
15.86
14.86
14.8
15.93
13.89
17.09
19.3
25.56
19.41
22.51
15.81
19.41
16.47
18.55
16.19
18.72
20.83
18.31
18.34
16.15
17.4
13.84
14.7
13.13
15.55
13.36
18.28
13.15
16.85
13.64
16.44
20.18
21.05
20.03
17.54
17.52
15.64
18.03
15.14
19.22
16.53
25.74
20.12
21.7
16.18
16.88
13.83
16.29
13.88
15.66
15.1
16.04
15.66
18.36
29.43
56.82
69.1
72.95
80.29
78.08
75.23
61.94
48.28
31.03
35.09
28.18
28.71
21.43
22.86
15.82
16.12
15.31
15.67
16.08
14.68
16.48
14.54
21.29
24.4
55.75
71.41
77.56
75.51
69.91
66.68
53.02
45.4
32.21
36.26
32.19
35.17
30.25
31.58
18.35
17.52
14.12
16.95
15.03
15.68
16.19
15.62
17.26
26.53
59.13
70.71
81.46
78.11
74.69
61.84
42.05
37.45
37.18
30.64
29.61
27.27
26.9
25.41
19.44
17.38
13.24
17.25
13.41
17.35
13.03
17.81
14.83
27.34
56.19
71.65
66.64
65.59
59.91
57.32
48.21
38.04
34.88
29.31
33.05
32.48
37.6
32.25
22.42
15.57
17.37
14.63
16.5
15.47
15.31
16.92
16.23
28.85
63.89
77.98
73.78
68.66
55.08
53.74
41.74
37.88
31.25
33.36
24.91
26.59
22.96
26.85
18.29
16.82
15.61
16.07
16.44
15.7
16.07
15.42
16.87
21.62
24.32
17.13
20.76
16.55
24.89
20.05
24.39
16.99
19.25
15.82
21.5
16.79
19.88
15.93
16.43
13.31
16.64
16.29
16.01
15.18
15.98
16.59
15.54
17.22
19.9
21.21
15.36
18.97
16.12
18.53
16.37
18.75
16.37
18.59
18.27
19.41
18.96
18.33
16.32
14.89
17.53
14.37
17.34
13.78
18.15
13.99
21.31
30.45
64.4
71.45
77
70.95
66.31
63.07
51.92
45.22
30.77
29.64
31.17
37.76
30.9
32.25
16.12
18.47
14.81
17.76
15.57
16.96
16.58
16.55
19.23
27.35
57.39
67.34
76.33
77.54
79.37
73.05
59.24
48.02
34.5
35.36
33.45
33.74
31.24
34.11
18.55
18.26
14.28
18.06
15.29
17.41
15.71
16.78
16.72
24.91
60.65
69.7
78.81
77.59
72.46
66.48
54.02
40.19
39.44
34.89
30.93
25
25.55
28.22
20.1
16.96
14.94
17.77
13.58
17.8
14.27
17.93
15.86
26.21
53.13
70.97
70.26
64.37
63.09
59.2
53.31
39.97
36.32
36.38
31.67
34.25
34.28
37.81
23.26
21.88
16.73
20.74
16.31
20.65
16.31
20.83
18.49
28.58
65.06
82.76
70.37
55.93
41.3
40.32
41.6
37.83
36.55
27.78
27.1
25.01
29.89
24.39
19.84
15.41
17.89
15.77
17.62
15.96
16.96
16.57
17.13
22.01
25.15
30.34
30.5
32.94
28.83
31.41
20.27
22.08
22.13
25.8
23.61
25.82
22.65
20.98
17.97
15.78
17.97
14.88
18.76
14.79
18.26
15.06
18.54
16.75
21.72
19.66
20.73
19.91
20
20.51
20.73
25.78
21.82
22.74
20.6
24.61
19.74
23.19
16.26
18.05
16.91
17.17
17.3
17.01
17.6
16.69
21.9
25.66
57.33
72.01
81.85
80.12
75.4
73.12
59.87
51.8
34.72
32.31
32.94
38.04
33.11
34.96
18.48
19.01
14.54
18.71
14.76
19.33
14.66
18.48
19.17
28.01
51.21
65.09
77.25
77.61
73.37
72.51
67.77
51.71
35.66
32.94
36.66
34.12
37.02
30.47
24.24
15.56
16.83
16.65
15.87
16.9
15.26
18.25
15.48
28.38
52.06
70.03
71.46
72.89
62.25
63.15
45.48
41.8
32.25
30.93
24.83
25.39
26.47
27.72
24.22
15.28
18.67
14.74
18.49
14.49
18.48
15.8
19.31
25.42
58
71.06
77.91
79.33
59.66
60.33
54.2
51.88
39.18
36.08
27.05
30.31
27.12
30.87
24.52
21.49
19.62
18.96
20.01
19.16
20.88
18.4
22.79
26.38
62.34
73.02
77.95
70
62.02
57.27
44.06
40.5
36.97
31.15
28.33
29.78
26.23
29.14
20.63
21.55
15.71
20.09
16.61
20.28
17
19.22
19.11
24.22
24
19.83
23.1
19.02
22.59
18.13
22
17.75
20.1
19.63
24.48
22.72
23.16
25.61
17.65
19.5
16.49
19.77
15.93
19.78
16.24
19.38
17.23
19.41
21.09
20.65
19.83
19.93
20.57
19.26
21.47
17.45
21.01
16.99
23.11
19.14
21.72
19.51
18.92
17.73
18.07
18.98
17.21
20.14
16.32
20.47
22.57
28.45
57.32
74.31
74.32
68.38
65.53
55.8
49.35
42.05
36.63
28.98
30.98
28.85
30.36
28.35
25.08
19.56
19.52
20.87
18.31
21.67
17.59
22.09
19.87
31.31
54.28
76.26
75.43
77.26
65.3
64.92
62.31
49.55
31.47
30.18
30.85
26.7
28.16
21.97
18.9
18.51
16.7
19.22
15.19
19.18
16.48
19.57
16.83
28.28
54.77
66.13
70.63
66.47
64.44
59
53.28
41.63
36.87
30.16
27.64
22.04
25.97
26.88
23.58
19.02
16.88
19.15
16.87
20.15
16.5
20.95
16.61
32.32
54.03
75.72
75.35
76.34
62.88
64.47
59.06
46.43
34.05
29.8
30.39
32.34
35.51
30.61
27.67
18.93
20.54
16.59
20.13
17.83
19.86
19.37
19.64
29.02
60.37
74.23
67.86
67.66
53.92
57.81
43.97
41.87
33.05
35.33
25.29
28.13
25.79
27.81
24.47
19.8
19.26
18.25
20.72
18.05
22.7
18.86
22.79
24.46
23.95
21.38
25.58
24.31
24.45
20.86
19.78
20.51
18.64
21.33
20.74
23.74
24.87
29.19
16.79
20.34
16.18
20.35
16.97
19.54
18.07
19.61
22.71
20.16
25.75
23.79
24.6
19.43
21.21
17.99
21.13
17.51
20.71
16.2
23.04
19.25
24.2
20.44
20.55
17.14
19.97
17.73
19.05
18.67
18.9
19.56
21.4
30.43
61.83
81.15
77.75
78.7
67.61
66.74
49.45
44.86
27.56
32.35
26.6
28.32
25.09
28.46
18.59
20.77
16.53
18.89
18.29
17.86
18.67
17.88
23.83
26.9
62.01
73.6
75.68
76.14
70.75
71.99
64.39
49.05
32.27
31.96
30.39
30.2
27.59
27.68
21.18
19.85
15.73
20.05
16.01
19.87
16.45
19.67
17.98
29.81
57.59
74.75
83.52
78.92
79.92
71.83
62.75
46.38
35.42
30.83
27.49
25.01
20.45
23.61
17.21
19.92
16.21
18.49
17
17.98
17.07
18.28
19.58
25.71
36.21
30.95
30.71
24.34
28.94
25.45
27.05
22.94
24.77
23.5
21.14
26.55
24.5
26.65
21.06
18.99
15.26
18.26
16.05
18.2
16.8
17.48
19.68
27.55
67.56
78.68
86.65
80.64
71.46
62.33
32.15
26.19
24.35
26.15
20.24
24.23
20.66
24.71
18.3
18.96
17.85
17.77
19.25
16.51
19.77
16.41
19.87
22.29
25.34
20.84
23.94
19.72
21.7
19.13
23.07
18.18
20.67
16.81
24.87
22.13
26.16
22.01
20.75
15.75
20.19
15.66
19.72
15.99
19.37
16.4
19.51
17.16
21.81
19
19.69
23.11
21.18
24.13
21.19
24.07
19.84
24.38
21.26
24.67
25.88
29.72
21.36
18.27
16.71
19.55
17.5
17.67
19.96
18.75
22.69
26
65.04
80.79
82.59
73.87
77.15
72.98
60.63
51.17
34.75
32.49
29.16
30.02
29.56
32.14
22.97
19.65
15.18
19.38
15.6
18.43
16.98
18.29
21.83
26.46
63.24
78.03
72.66
70.69
73.8
77.25
67.16
56.16
37.75
35.28
32.06
31.1
27.33
28.42
20.92
18.91
17.47
18.36
17.48
19.72
16.05
21.02
19.32
29.49
56.19
78.78
69.03
70.6
54.91
53.59
40.3
40.16
28.99
33.06
25.9
28.27
24.68
28.35
21.03
19.08
14.94
18.71
16.13
18.09
15.97
18.36
17.76
29.11
58.79
76.7
74.08
74.53
62.4
60.87
45.63
43.32
37.35
35.51
31.85
26.5
28.23
25.19
25.85
17.98
19.45
15.63
20.54
16.85
20.39
16.9
22.49
28.94
69.33
79.74
93.48
81.51
68.96
63.14
48.31
39.57
31.86
31.31
27.25
27.23
25.58
27.41
18.24
19.7
16.2
19.63
16.54
19.21
17.88
18.48
19.23
25.4
24.18
20.15
22.44
18.64
22.37
17.38
21.52
17.51
21.3
18.9
20.07
23.83
24.74
24.51
17.67
19.31
17.27
19.78
16.38
20
16.65
20.17
16.84
20.4
20.23
20.32
19.04
18.95
18.92
19.34
19.28
18.7
21.35
19.81
24.28
22.97
26.11
22.85
19.69
16.88
19.75
18.28
18.49
18.85
18.2
20.16
21.79
25.87
22.51
24.7
20.89
23.58
19.97
23.35
19.02
21.32
17.91
26.73
24.61
24.42
20.73
24.9
18.32
19.22
16.53
18.65
17.17
17.95
18.47
18.69
21.44
27.52
60.72
75.08
70.25
67.99
62.35
61.2
57.67
45.05
32.89
33.27
29.15
32.19
29.03
30.66
19.28
18.74
15.63
18.82
15.51
17.89
16.11
17.89
19.85
26.92
51.36
62.97
64.2
64.45
54.02
47.32
39.86
32.25
30.01
27.77
27.49
22.6
27.49
25.6
24.82
16.32
19.67
15.6
19.48
15.83
19.59
17.25
21.41
25.74
54.1
68.2
64.6
60.53
47.95
45.92
38.45
41.27
37.44
40.23
33.8
32.49
25.19
27.44
22.22
21.53
18.04
20.31
17.58
20.31
17.86
21.78
20.62
30.95
59.23
73.76
61.32
63.77
47.89
50.5
38.36
37.7
25.47
29.61
23.03
27.93
23.9
25.1
17.69
18.63
17.25
19.08
18.17
19
18.11
18.85
19.2
24.36
22.55
20.97
21.87
18.79
20
18.28
19.86
17.94
20.3
20.35
20.52
21.74
26.14
22.54
24.3
16.67
19.91
16.33
21.09
16.28
19.76
16.5
20.8
18.05
21.21
19.03
20.01
18.56
19.18
19.49
21.11
26.19
24.16
25.76
23.95
25.76
23.63
27.18
17.21
20.43
16.42
20.51
16.73
21.54
18.23
23.3
20.29
31.85
59.79
77.51
74.26
72.77
56.96
57.25
49.17
46.79
32.72
30.43
33
30.95
32.47
29.32
17.6
16.05
16.32
16.19
16.43
16.15
16.45
16.91
21.9
27.67
52.37
70.52
64.33
62.32
61.02
59.44
53.81
40.83
28.31
32
33.31
36.7
36.77
28.9
17.25
14.87
15.14
15.17
14.94
14.9
14.69
16.08
17.93
24.96
49.07
59.6
58.14
59.27
54.23
49.74
38.11
35.64
29.18
26.75
25.74
26.2
25.58
26.12
22.23
16.35
16.77
16.47
16.62
16.51
16.46
16.98
20.94
25.75
47.66
62.39
62.46
62.76
45.77
47.13
35.04
32.37
27.63
24.98
25.1
30.3
35.42
33.54
22.59
17.96
15.91
15.91
16.17
15.95
16.06
16.74
19.88
25.37
56.01
70.58
65.12
59.3
49.43
44.14
35.57
33.17
30.76
28.71
23.86
23.13
23.95
21.89
17.62
15.63
15.64
15.97
15.61
15.9
15.5
15.78
15.98
20.36
19.45
18.24
17.53
17.15
17.38
17.41
17.25
16.37
16.25
16.05
16.35
19.28
21.16
21.35
19.49
19.6
16.85
16.01
15.76
16.04
15.53
15.82
15.93
15.86
16.85
16.58
16.52
15.81
16.34
16.1
18.22
20.02
16.29
15.95
15.63
16.73
16.79
17.42
14.81
15.33
15.69
15.6
15.31
15.53
16.31
16.4
19.73
23.79
55.77
80.15
89.48
87.55
82.89
76.24
59.07
47.49
30.77
27.76
30.17
30.23
31.48
29.88
17.21
15.52
15.67
15.79
15.32
15.68
15.58
15.55
19.47
25.14
51.21
67.31
68.77
73.1
70.01
71.54
61.61
44.22
27.96
27.03
30.17
37.72
33.73
29.58
18.67
15.32
15.55
15.52
15.57
15.88
15.31
16.6
19.4
24.6
46.39
61.01
59.18
61
54.21
47.42
33.01
31.97
26.01
24.07
21.41
19.97
22.54
24.07
20.89
15.65
15.64
15.49
15.7
15.72
15.69
15.78
16.74
26.12
59.61
76.75
72.09
72.87
62.32
61.18
49.56
40.4
31.61
30.93
26.91
29.19
30.79
28.75
21.36
16.72
15.26
15.13
15.31
15.48
15.35
16.06
19.62
25.41
49.91
61.02
60.22
57.83
47.26
46.52
30.57
25.47
22.92
23.07
20.05
21.31
23.64
22.93
16.85
15.06
14.75
15.3
15.2
15.16
15.44
15.56
15.55
20.01
20.06
19
18.02
17.2
16.48
16.76
16.64
16.45
15.7
15.95
16.32
18.31
18.54
17.34
15.6
14.76
15.07
14.77
14.97
15.3
15.39
15.08
15.38
15.25
18.28
16.39
16.01
16.27
15.65
16.12
18.15
19.63
22.25
20.4
20.91
20.12
20.79
17.29
15.3
14.71
15.09
15.13
14.79
15.32
15.54
16.48
18.23
25.38
50.05
62.72
57.56
56.88
54.13
52.51
40.5
33.35
25.03
22.87
29.64
32.58
30.2
27.65
17.2
14.82
14.93
15.15
14.56
15.04
14.74
14.92
17.61
26.5
46.46
54.58
55.24
54.65
52.85
52.02
45.45
30.97
22.3
23.32
22.02
24.31
28.66
28.22
19.12
15.07
15.11
15.24
14.94
15.15
15.21
15.06
17.66
23.04
40.49
55.67
47.77
47.53
46.79
41.69
35.52
30.22
23.83
21.91
18.15
22.06
23.88
23.83
16.86
15.44
15.13
15.09
15.06
15.13
15.05
15.2
18
23.54
37.75
49.14
49.63
47.46
40.38
38.76
32.91
30.89
26.58
26.26
25.68
26.94
27.88
25.43
17.52
15.47
15.6
15.79
15.56
15.44
15.81
15.53
17.57
24.2
47.22
62.5
57.13
53.98
49.8
46.04
36.08
30.97
25.98
21.89
20.79
20.33
20.25
20.7
18.2
16.07
16.22
16.43
15.85
16.44
16.21
16.13
16.39
20.53
19.85
19.1
18.76
17.82
18.12
17.74
17.75
17.29
16.97
16.81
17
16.61
18.35
18.31
16.18
16.14
16.02
16.16
16.08
16.57
15.86
16.27
16.18
18.41
17.62
17.52
17.19
18.67
17.09
18.55
21.03
16.97
16.56
16.67
16.45
16.45
17.6
15.36
16.16
16.21
16.02
16.16
16.4
15.92
17.12
18.81
26.15
52.14
67.4
59.56
57.17
53.18
52.38
39.92
34.62
25.08
22.82
25.14
29.2
31.48
31.22
18.27
15.88
15.51
16.16
16.32
15.7
16.18
15.9
19.89
24.29
50.89
69.27
74.7
72.66
70.46
66.44
51.95
40.02
26.23
25.16
25.02
26.74
30.03
33.88
20.57
15.75
15.47
15.68
15.8
15.53
15.42
16.07
19.02
28.35
52.92
70.57
67.92
68.2
59.59
54.42
43.55
31.51
26.73
23.93
20.53
17.57
20.65
23.58
20.49
15.31
15.36
15.02
15.3
15.04
15.38
15.49
17.87
24.06
46.62
64.5
66.13
64.22
56.39
59.09
48.64
40.49
29.03
26.86
28.14
30.66
34.56
34.45
23.01
17.93
16.24
17.11
17.26
18.44
18.12
19.32
20.96
29.56
61.59
79.31
76.93
78.01
65.05
58.7
41.22
37.06
35.54
30.76
26.51
24.34
24.92
23.81
19.17
18.13
18.3
18.35
18.08
18.28
18.42
17.79
18.51
23.7
23.24
22.76
22.28
22.74
23.25
21.9
19.97
19.27
18.57
18.24
17.76
19.06
22.4
22.45
18.08
17.58
17.5
17.72
17.97
17.66
17.91
18.25
18.08
19.17
22.39
21.94
21.36
19.71
20.34
19.61
17.82
22.63
28.04
20.17
18.67
18.21
18.49
19.44
18.13
18.08
18.71
18.39
18.41
18.84
19.2
19.95
22.2
26.54
52.19
70.72
68.62
68.11
65.54
64.06
52.7
28.18
21.78
21.71
21.81
21.93
22.31
23.24
20.2
18.22
18.53
18.65
18.31
18.34
18.23
17.9
21.7
25.28
55.01
73.66
82.19
83.84
76.65
67.68
56.07
47.17
37.84
31.62
32.29
35.37
32.92
29.07
18.04
15.2
15.29
15.39
15.36
15.42
15.3
16.38
17.6
25.57
51.14
63.72
68
67.61
59.94
49.38
30.99
31.37
27.54
25.12
21.83
24
23.67
24.15
20.87
15.36
14.87
15.21
15.08
15.32
15.06
15.56
17.54
25.38
54.3
73.47
72.93
70.36
62.56
61.34
45.05
37.9
28.77
25.77
25.97
28.11
30.08
30.75
22.18
17.09
15.32
15.93
15.65
16.12
15.83
16.45
18.05
26.61
50.58
57.81
58.67
55.75
48.04
43.75
36.77
34.27
29.66
23.61
19.96
18.97
19.26
20.25
17.01
14.56
14.74
15.51
15.3
15.26
15.5
15.32
15.76
21.03
19.38
19.3
18.55
18.35
17.46
17.47
18.13
16.82
15.94
15.69
15.95
15.05
15.39
16.85
14.49
14.94
15.41
15.48
15.52
15.65
16.14
16.49
16.76
17.04
19.58
17.88
17.61
17.01
16.34
16.31
16.29
18.27
19.35
18.27
18.56
18.22
17.64
16.25
14.77
14.46
14.83
15.61
16.11
15.67
16.36
17.26
19.25
20.92
19.98
18.17
17.58
19.48
17.51
17
16.26
15.76
15.31
15.43
15.4
15.47
15.39
16.42
14.75
13.83
13.78
13.72
13.5
13.96
13.79
13.35
15.2
18.92
17.07
17.71
16.99
18.79
21.65
19.87
17.08
16.58
15.26
14.39
14.72
15.32
14.84
15.84
14.49
13.26
13.02
13.04
12.91
13.1
12.95
13.01
13.66
16.29
15.47
15.88
16.18
17.15
18.75
16.88
14.54
14.58
14.58
14.27
14.46
14.48
16.3
18.15
14.34
12.67
12.55
12.81
12.89
12.8
12.78
12.76
13.57
17.66
16.39
15.63
16.17
16.99
18.22
20.33
20.17
18.32
16.42
16.72
16.72
16.7
18.92
20.5
17.18
14.19
13.83
13.98
14.27
15.3
15.29
15.12
15.31
19.17
18.37
17.76
17.32
17.03
17.15
16.97
17.12
17.11
17.1
16.78
17.14
17.28
17.27
17.69
16.48
15.16
14.56
14.81
15.25
15.16
15.54
15.6
15.66
18.84
18.04
17.67
17.65
16.23
16.26
16.3
15.78
15.77
15.23
15.15
15.4
15.38
15.63
16.2
15.21
15.15
15.16
15.39
15.22
15.29
15.21
15.12
15.41
14.44
15.63
15.46
15.51
15.34
15.35
15.65
15.52
15.59
16.21
15.3
15.12
17.77
17.21
15.23
14.92
14.27
14.39
15.34
15.21
15.16
15.35
14.88
17.11
19.33
17.72
17.28
16.88
16.39
16.66
16.57
16.1
16.77
16.59
16.33
16.77
19.24
20.48
18.89
16.13
13.97
13.81
13.75
14.79
14.89
14.75
14.85
16.88
18.98
18.53
18.92
17.78
20.98
21.66
21.54
18.83
17.3
17.08
16.77
16.76
17.17
17.55
21.57
18.72
14.94
14.96
14.71
14.77
15.18
15.19
14.92
15.35
18.87
18.12
19.19
17.4
23.89
20.15
17.55
17.07
17.11
16.13
16.64
16.77
16.46
19.07
21.01
17.51
14.76
14.24
14.96
15.24
15.39
15.62
15.48
15.26
19.03
18.51
18.92
17.92
17.98
22.53
19.95
17.48
17.29
18.82
20.79
19.02
17.31
18.78
20.63
16.65
15.38
14.97
15.41
15.35
15.42
15.64
15.51
15.34
19.21
18.14
17.19
17.2
16.69
17.14
17.05
16.81
17.08
16.55
16.85
17.02
16.92
17.28
17.69
16.19
14.94
14.77
15.07
15.06
14.94
15.22
15.4
14.84
17.9
17.24
16.73
16.71
16.02
16.33
16.06
15.87
15.92
15.17
15.56
15.45
15.01
15.92
16.22
15.04
14.25
14.26
13.82
14
14.67
15.14
15.27
14.83
14.2
15.26
15.61
15.71
15.37
15.9
15.91
15.47
16.24
15.79
15.57
15.64
15.7
15.24
15.61
14.54
14.07
14.32
14.87
15.2
15.01
15.31
15.14
18.33
24.48
55.76
75.51
73.77
73.52
60.61
55.18
46.73
38.44
28.59
24.41
24.8
25.78
32.55
29.47
19.38
15.22
15.12
15.07
15.24
14.87
14.98
15.36
18.81
22.85
42.42
55.18
51.25
49.99
46.43
46.73
40.39
34.79
24.43
23.11
23
25.55
26.76
29.91
18.25
14.01
13.6
13.99
13.84
13.76
14.15
14.22
16.96
19.91
36.82
47.14
45.71
46.64
44.43
41.9
28.24
25.84
20.7
19.58
16.75
16.01
18.18
20.09
18.48
14.13
13.99
13.85
14.03
13.81
14.1
14.5
15.69
19.73
36.75
49.1
51.94
49.93
35.83
29.21
30.82
25.42
22.58
21.07
19.56
19.15
19.07
22.53
20.01
16.1
14.31
14.03
14.15
14.31
13.76
14.34
16.13
21.46
46.42
56.95
56.97
52.99
44.16
38.57
31.98
28.33
24.87
22.14
19.86
18.36
17.9
18.29
17.24
15.13
15.15
15.55
14.98
15.37
15.09
15.57
15.62
17.58
18.09
17.1
17.09
17.43
16.58
17.17
17.3
15.9
15.87
15.37
15.67
15.48
15.53
17.96
18.98
15.73
15.02
14.8
15.15
14.88
14.87
15.25
14.82
13.77
15.58
15.43
15.69
15.75
15.53
15.6
15.6
16
15.97
15.35
15.41
15.3
14.92
15.58
14.6
14.35
14.77
15.25
14.67
14.97
15.1
15.01
17.02
20.71
45.83
59.51
59.83
56.74
45.1
41.28
31.97
27.88
23.03
21.45
20.93
21.18
20.75
22.95
15.54
13.22
13.41
12.76
13.45
14.19
13.71
14.31
14.95
20.38
38.35
50.94
50.24
49.91
35.18
36.93
34.53
29.09
24.02
22.66
27.88
29.94
31.47
28.32
17.99
13.47
13.04
13.37
14.09
14.3
13.86
14.02
14.21
19.67
39.64
51.16
53.07
53.04
48.53
45.25
32.08
29.68
23.46
22.51
19.25
17.78
19.33
22.31
19.47
12.9
12.66
12.77
12.61
12.62
12.53
12.78
13.68
18.5
36.57
47.26
56.24
54.22
40.66
38.2
29.62
24.84
22.04
23.23
20.46
21.89
22.95
20.79
18.79
13.99
12.25
12.45
12.79
12.44
13.49
13.61
13.85
18.95
42.6
52.38
54.25
52.26
39.68
37.89
25.6
21.98
21.83
22.11
17.33
15.63
15.16
14.97
15.02
13.25
12.84
13.16
13
13.06
13.07
12.91
13.45
15.6
15.56
15.75
15.24
14.53
14.55
14.49
14.44
14.17
13.36
13.68
13.67
13.67
14.09
14.42
14.22
13.42
13.08
13.12
13.41
12.83
13.39
13.41
14.38
12.87
14.6
14.95
14.79
15.03
15.03
14.67
15.08
14.92
15.14
14.57
14.2
14.41
14.47
14.08
13.72
13.02
13.13
13.43
12.92
13.36
14.18
14.11
16.9
19.05
35.16
46.68
54.22
54.52
53.96
51.19
32.63
24.02
18.51
18.38
18.22
20.54
28.44
25.78
14.86
12.73
12.64
12.75
12.43
12.71
12.54
12.56
14.58
17.94
38.05
50.88
45.42
45.7
44.54
41.24
35.99
28.3
20.53
18.31
15.97
15.89
18.25
18.87
16.23
12.68
12.58
13.06
12.44
12.87
12.62
12.51
13.99
17.26
34.74
46.89
51.92
52.69
48.8
45.03
31.15
23.02
19.01
16.9
15.54
14.1
14.11
18.21
16.87
12.44
12.67
12.23
12.68
12.46
12.29
12.71
14.77
17.65
36.59
49.29
49.86
46.28
33.11
32.84
29.89
23.15
22.83
23.07
21.46
19.66
18.96
19.55
17.81
16.57
12.69
12.62
12.8
12.7
12.86
12.9
15.19
18.24
40.54
56.76
54.15
54.26
43.24
37.81
26.58
23.56
21.84
18.41
15.43
14.29
15.45
18.31
17.69
16.65
12.54
12.5
12.6
12.55
12.82
12.86
12.91
14.95
15.76
15.08
14.82
14.49
14.55
14.02
14.43
13.41
13.57
13.23
13.34
15.59
17.61
18.78
17.92
19.06
19.58
14.02
12.45
12.53
12.53
12.71
12.2
12.28
14.14
14.35
13.41
13.03
12.93
13.18
12.85
13.73
13.09
12.9
13.13
13.11
12.63
12.68
11.89
12.72
12.52
12.47
12.76
12.37
12.81
13.01
13.96
17.16
34.69
49.85
58.25
58.38
54.22
45.2
32.07
22.42
20.74
22.6
24.9
29.43
25.07
24.44
15.61
12.06
12.08
11.92
12.39
12.14
11.89
12.07
13.86
17.98
33.89
44.47
48.57
47.96
41.34
41.2
41.65
30.38
21.83
23.11
23.46
20.08
18.74
22.02
15.39
12.64
12.58
12.58
12.65
12.29
12.47
12.68
12.4
15.43
32.38
40.66
42.39
43.86
39.09
36.94
28.38
23.75
18.09
16.74
16.41
14.31
16.19
17.65
13.67
12.25
12.3
13.23
12.34
12.33
12.43
12.45
12.12
14.52
35.38
48.91
45.01
39.27
22.46
22.04
22.36
18.69
19.56
19.84
19.73
21
18.59
18.15
13.68
12.29
12.68
12.37
12.51
12.73
12.36
12.94
12.87
16.9
36.21
45.35
40.33
38.34
31.28
28.04
20.83
19.62
19.74
17.95
15.36
14.1
14.03
15.66
14.93
12.64
12.74
12.36
12.5
12.47
12.63
12.81
12.82
16.14
15.18
15.01
15.52
14.98
14.63
14.68
15.07
14.52
13.46
12.9
13.32
12.85
13
12.98
14.83
12.47
12.1
12.15
12.23
12.3
12.19
12.28
11.86
11.82
13.63
13.81
13.04
12.94
12.19
12.29
15.16
15.51
18.36
17.04
17.13
16.69
16.24
13.13
11.51
12.08
11.95
11.83
12.04
11.93
11.95
12.32
14.56
17.42
35.06
47.96
53.3
53.75
46.25
42.51
29.71
26.14
20.22
18.29
18.78
22.76
21.72
22.62
17.01
12.21
11.92
11.9
11.9
11.9
11.92
12.01
15.16
17.31
41.01
55.48
50.91
53.68
50.81
50.24
39.47
35.23
21.64
25
22.8
20.32
21.66
21.08
14.31
12.25
12.36
12.27
12.41
12.37
12.17
12.66
12.23
16.93
30.64
42.54
43.48
44.68
41.35
34.42
29.63
26.41
24.42
21.98
20.58
15.52
17.28
17.81
13.64
12.3
12.35
12.22
12.51
12.45
12.29
12.57
13.32
15.82
15.44
15.66
15.44
14.85
13.99
13.97
13.88
13.58
16.01
18.67
15.41
14.91
14.08
14.31
12.83
12.37
12.37
11.99
12.26
12.53
12.13
12.16
13.5
15.56
15.07
15.04
15.13
14.99
14.78
14.84
14.78
14.43
14.47
14.78
15.47
15.08
15.23
15.04
13.52
12.43
12.2
11.7
12.42
12.25
12.04
13.16
12.36
15.21
14.77
15.01
14.62
14.56
14.27
14.73
14.79
13.9
13.56
13.59
13.45
13.49
13.88
13.21
12.6
13.12
13.03
12.95
13.2
13.29
12.95
13.16
12.71
12.09
13.6
13.54
13.83
13.31
13.6
13.46
13.67
18.02
13.95
13.04
13.22
15.89
15.27
12.91
12.34
13.17
12.92
13.41
13.05
13.2
12.98
13.53
14.52
17.7
42.39
52.75
55.47
55.96
46.62
45.49
32.48
28.59
23.31
20.62
19.72
20.21
19.43
19.11
15.42
14.1
13.49
13.78
13.88
13.74
14.25
14.83
16.36
19.03
44.36
54.29
55.24
53.55
41.01
40.69
36.97
29.63
20.46
24.6
22.6
18.36
18.21
21.66
19.22
15.91
16.24
16.21
16.27
16.3
16.17
16.49
16.08
19.67
34.09
45.05
45.06
43.75
42.57
39.3
29.79
26.07
24.14
22.73
17.92
16.4
16.09
18.26
17.91
13.4
13.63
13.46
13.2
14.32
14.6
14.39
14.22
18.45
32
40.79
43.18
38.15
32.59
27.49
23.12
23.01
20.7
22.67
19.45
16.69
18.78
16.21
16.03
13.34
13.25
13.5
13.2
13.34
13.35
13.67
13.92
17.21
37.81
49.3
46.11
41.35
28.05
24.67
22.01
19.81
18.09
16.24
14.52
14.18
14.47
15.32
12.9
11.83
11.72
11.82
12.16
11.67
12.18
11.8
11.56
14.79
15
14.73
14.34
14.23
12.91
12.79
12.75
12.51
11.52
11.81
12.06
11.82
12.02
11.88
11.57
11.62
11.79
11.58
11.63
11.67
11.71
11.64
10.8
11.47
13.16
13.25
13.24
12.24
11.76
12.01
15.16
16.53
13.46
12.39
16.16
16.39
16.36
16.36
11.68
11.6
11.85
11.26
11.96
11.75
11.51
12.01
13.83
14.8
15.01
15.02
14.11
13.66
13.4
13.52
13.28
13.77
13.2
13.07
16.71
18.03
17.19
14.08
12.56
11.74
11.82
11.75
11.69
11.56
11.77
11.88
13.64
18.45
34.26
40.99
38.87
39.88
32.63
31.8
29.9
26.86
27.08
24.65
25.84
25.61
26.18
23.88
16.16
12.69
12.89
12.41
12.79
12.78
12.44
12.9
13.19
17.02
28.79
39.07
40.31
39.91
39.49
35.65
27.6
25.75
23
18.66
16.76
18.55
17.96
18.79
16.66
11.9
11.63
11.86
11.74
11.68
11.71
11.8
13.1
18.68
37.77
51.08
53.71
51.45
35.32
32.45
27.77
26.54
26.96
26.49
20.94
20.93
22.97
16.92
12.33
12.35
12.23
12.1
12.17
12.3
12.02
12.08
13.35
17.21
34.33
48.78
45.33
43.37
35.81
33.44
22.99
18.44
17.28
17.07
16.64
15.47
15.21
15.6
12.82
12.79
12.1
12.44
12.6
12.48
12.42
12.49
11.66
13.9
14.13
13.66
13.81
13.77
13.59
13.35
13.68
13.2
12.66
12.41
12.72
12.85
12.79
12.68
11.49
13.52
12.13
12.66
12.06
12.48
12.65
12.58
11.25
12.48
14.65
12.81
12.77
12.85
12.78
12.68
12.68
13.05
12.85
13.08
12.82
12.93
12.51
13.68
11.06
12.41
12.21
12.57
12.44
12.24
12.52
12.74
14.36
18.05
39.01
54
46.78
44.17
43.6
38.32
29.94
24.8
20.85
18.74
19.89
20.04
18.05
17.76
13.32
11.89
12.28
12.43
12.04
12.34
11.92
12.25
13.53
17.59
29.41
36.8
34.95
33.7
30.84
31.94
35.44
25.4
18.62
18.17
17.69
18.02
16.98
19.01
14.75
12.57
12.13
12.29
12.54
12.08
12.34
12.31
12.03
16.73
26.59
33.07
33.71
31.58
29.15
25.57
21.13
21.78
20.12
19.43
16.06
14.33
13.71
13.74
12.68
12.02
12.76
11.84
12.3
12.05
11.58
12.4
12.47
15.17
14.92
14.44
14
13.5
13.55
13.32
13.64
13.32
13.33
13.44
13.34
13.77
14.13
14.55
12.85
12.7
11.73
11.86
11.86
12.11
11.74
11.6
12.24
17.4
32.21
35.11
34.87
31.52
27.58
25.25
23.77
22.45
19.98
17.19
14.1
13.27
12.94
12.48
11.26
11.63
11.64
11.65
12.18
12.44
11.65
11.81
10.88
12.72
12.64
12.62
12.14
12.36
12.23
12.2
12.08
11.98
11.64
11.48
11.34
11.84
11.57
11.76
10.36
11.58
11.26
11.72
11.62
12.51
12.18
11.8
10.74
10.68
12.14
12.27
11.84
12.52
12.24
12.02
12.72
16.67
17.32
16.68
16.72
12.99
12.76
12.43
11.01
11.76
11.88
11.69
12.18
11.98
11.94
12.1
14.7
17.06
42.08
51.78
53.13
48.95
46.25
40.76
29.71
23.67
19.39
17.09
17.43
15.49
15.64
14.02
11.95
11.94
11.98
12.44
12.2
12.09
12.25
12.09
14.01
16.48
28.2
31.31
30.18
28.45
28.63
28.51
27.02
22.15
18.4
15.58
15.34
14.23
14.07
17.55
15.06
11.17
11.61
11.29
11.43
11.39
11.28
11.35
11.21
14.51
24.02
27.33
31.41
32.09
26.48
21.27
18.65
19.76
17.35
16.16
19.28
17.71
17.85
18
16.28
16.76
16.85
16.89
16.46
16.3
16.6
16.5
16.16
18.69
29.83
32.33
31.79
29.92
25.79
23.09
22.06
22.95
22.33
19.99
15.34
15.05
14.3
14.05
14.38
12.33
12.12
12.47
12.42
12.54
12.81
12.85
13.15
15.92
34.57
45.15
45.93
32.02
27.91
23.21
19.39
17.36
16.14
16.77
15.63
16.55
17.39
15.33
11.69
12.65
12.49
12.54
12.68
12.78
12.3
12.38
11.86
13.21
12.67
13.06
13.01
12.88
12.51
12.87
12.61
12.82
12.57
12.68
12.7
12.75
12.74
12.9
11.48
12.72
12.79
12.25
12.53
12.78
12.65
12.61
11.94
11.34
12.92
12.66
12.89
12.64
13.01
12.78
13.69
13.59
13.52
13.47
13.59
14.31
12.92
12.08
11.28
11.4
11.57
11.3
11.15
11.39
11.56
11.28
12.26
12.52
12.91
12.74
13.61
10.89
9.56
12.25
10.71
10.48
9.93
9.95
9.98
9.78
9.67
12.13
13.92
12.48
10.69
11.08
11.58
8.58
11.39
11.34
11.2
10.89
11.6
11.04
12.68
12.18
12.9
12.33
10.81
10.07
9.8
9.77
9.82
9.63
10.17
9.8
9.86
10.68
10.94
10.77
10.74
10.74
10.7
10.6
10.27
9.6
9.94
10.18
10.1
10.18
10.42
10.59
10.18
9.96
9.91
9.86
9.81
9.87
9.75
10.14
9.95
10.83
10.74
11.14
11.06
10.93
10.67
11.06
10.38
9.82
9.82
10.23
10.19
10.24
9.86
10.39
10.64
10.59
10.18
9.97
10
12.12
14.9
12.48
10.58
10.62
10.48
10.73
10.72
10.5
10.74
11.21
11.98
11.18
11.87
13.9
13.96
13.24
11.72
11.48
11.41
11.18
11.37
11.49
11.69
13.01
15.49
15.77
13.14
10.27
10.74
10.62
10.61
10.27
10.62
10.89
10.82
12.18
12.02
11.12
11.26
10.52
11.23
11.09
11.17
10.88
11.05
11.12
10.9
11.02
11.31
11.14
9.73
10.44
11.05
10.89
10.84
10.68
10.78
10.59
9.88
9.09
10.79
11.09
10.85
10.86
11.14
11.37
11.09
11.1
11.36
11.41
11.48
14.99
12.66
11.2
9.67
10.51
10.64
10.58
10.57
10.13
10.33
10.28
11.63
12.71
12.9
12.48
11.92
11.57
11.66
11.93
12.25
11.75
11.88
12.14
11.87
11.53
11.82
12.05
10.17
10.58
11.03
11.07
10.72
10.32
10.54
10.57
11.13
11.54
12.33
11.55
11.55
11.55
11.5
11.49
11.57
11.33
11.24
11.37
11.19
11.45
11.38
11.4
9.26
10.22
10.12
10.24
9.86
10.52
10.77
10.74
10.05
12.22
12.08
12.27
13.99
12.17
11.49
11.69
11.05
11.45
11.38
11.09
11.13
11.36
11.46
11.17
9.67
10.19
10.31
10.28
10.08
10.41
10.49
9.95
10.49
11.99
12.2
11.95
13.7
13.5
13.76
13.68
13.5
12.19
10.85
11.64
11.31
11.2
11.25
11.97
9.85
10.71
10.4
11.09
10.62
10.7
10.75
10.61
11.4
12.76
12.5
12.56
11.8
11.27
11.7
11.1
10.83
11.13
11.35
11.13
14.7
15.19
15.41
15.1
12.45
10.71
10.64
10.46
10.46
10.39
10.28
10.13
9.72
10.85
10.86
10.63
10.88
10.88
10.69
10.55
10.93
11.07
15.1
14.56
14.54
10.84
10.96
11
9.49
10.3
10
10.72
10.74
10.95
10.4
10.82
10.06
10.62
12
12.16
11.85
12.37
12.04
11.93
12.12
12.34
12.6
11.34
11.28
14.89
13.67
10.92
9.49
10.03
10.11
10.2
10.19
10.1
10.18
10.16
11.8
12.87
12.63
12.74
12.83
12.76
12.4
11.59
11.05
11.2
11.32
10.59
11.17
11.23
11.56
11.29
9.66
10.35
10.21
9.74
10.25
10.22
9.95
10.24
12.1
12.63
12.41
11.16
12.11
12.91
13.7
13.21
12.25
11.47
11.22
11.04
11.51
11.39
11.45
15.16
11.3
10.7
10.72
11.16
10.81
10.83
10.57
10.57
10.72
11.5
11.5
11.37
11.82
12.77
11.61
11.47
11.57
11.58
11.54
11.37
11.62
11.59
11.66
11.49
10.25
10.87
11.52
10.86
11.01
10.97
10.74
10.78
10.48
11.72
12.2
12.24
11.28
11.61
11.51
11.74
11.4
11.52
11.67
11.61
11.79
11.76
11.53
11.96
10.65
10.8
10.3
10.84
10.87
10.57
11.03
11.53
11.42
13.45
12.98
12.81
11.99
12.08
11.76
11.95
11.09
11.49
11
11.18
12.51
15.16
15.73
12.33
9.78
10.46
10.74
10.59
10.08
10.6
10.52
10.4
10.35
11.46
10.68
10.48
10.9
11.11
10.45
10.78
10.78
10.59
11.05
11.11
11.11
11.06
11.03
11.57
9.87
10.68
10.69
10.33
10.86
10.57
10.47
10.89
11.09
10.92
12.04
12.67
10.91
10.63
10.86
10.9
13.17
14.85
11.32
11.29
13.31
15.22
12.34
10.92
9.9
10.57
11.42
10.86
10.95
10.83
10.64
10.67
11.36
11.09
11.23
11.52
11.78
11.51
11.67
11.45
11.48
11.32
12.04
12.14
11.13
11.43
11.47
11.52
9.81
10.81
10.75
10.76
10.91
10.95
10.68
10.73
11.75
11.48
11.53
11.79
12.06
11.7
11.54
12.38
12.32
11.89
11.39
11.64
11.26
11.02
11.5
11.34
9.75
10.57
10.75
10.5
10.48
10.82
10.6
10.74
10.45
11.2
11.27
11.18
11.49
11.21
11.18
11.38
11.36
11.21
10.77
10.97
11.77
14.64
15.14
12.27
10.3
10.32
10.48
11.21
10.34
10.59
10.38
10.59
10.71
11.39
11
11.58
11.47
11.34
11.27
11.3
11.13
10.97
11.53
11
10.89
11.43
11.31
11.27
10.42
10.57
10.32
10.01
10.3
10.48
10.06
10.22
11.18
11.79
12.33
12.54
12.02
12.63
12.29
11.36
11
11.22
10.9
10.94
11.01
14.94
14.93
13.85
9.9
10.24
10.68
10.34
10.08
10.32
10.37
9.99
10.35
11.36
11.29
11.25
10.72
10.51
10.26
10.44
10.42
10.33
10.5
10.85
10.42
10.62
10.67
10.41
9.85
10.8
10.46
10.35
10.51
10.49
10.44
10.31
9.86
8.88
10.8
10.67
10.62
10.83
10.7
10.53
10.5
10.97
11.07
10.72
14.65
14.93
12.39
10.63
9.71
10.06
10.29
10.4
10.32
10.25
10.42
10.86
11.54
10.99
11.14
11.79
11.91
11.54
11.69
11.13
11
10.79
10.99
10.88
11.04
11.03
11.04
11.03
9.73
10.96
10.26
10.03
10.41
10.39
10.29
10.45
11.49
11.73
11.45
11.78
11.77
11.71
11.75
12.19
11.34
11.03
11.09
10.92
11.11
11.17
11.14
11.39
10.55
10.41
10.17
10.15
9.93
10.95
10.89
10.51
11.13
12.27
12.06
12.09
11.69
11.56
11.26
11.21
11.06
11.25
11.25
10.92
11.23
11.12
11.01
11.62
10.14
10.21
11.02
10.38
10.45
10.67
11.17
11.14
11.79
12.94
13.04
14.47
13.84
12.82
13
12.78
12.42
12.93
12.42
11.76
11.22
11.26
11.2
11.24
10.73
10.54
10.41
10.58
10.61
10.38
10.53
10.48
10.28
11.77
12.69
13.06
13.63
13.28
13.13
13.6
13.18
11.17
11.08
11.12
11.02
15.25
15.21
11.56
10.45
10.55
10.52
10.62
10.47
10.58
10.56
10.5
10.86
11.79
11.45
11.56
11.6
11.35
10.72
10.7
10.58
10.7
10.87
10.69
10.71
10.78
10.81
13.5
11.7
10.59
10.39
11.02
10.72
10.26
10.69
10.59
10.43
9.67
10.84
10.72
10.87
10.73
11.14
19.52
19.61
19.89
19.57
20.07
19.74
19.9
14.81
11.24
10.47
10.1
10.42
10.31
10.02
10.36
10.19
10
11.21
11.54
11.81
11.56
12.17
12.73
12.56
12.3
11.73
11.28
11.48
11.48
11.17
11.45
11.63
13.32
12.31
10.75
10.77
10.33
10.47
10.79
10.47
10.51
12.2
11.98
11.98
13.32
13.17
12.87
13.55
13.11
12.6
11.7
11.59
11.5
11.26
11.65
11.61
15.48
12.3
10.74
10.85
11.21
10.91
10.71
10.8
10.92
11.11
11.53
12.21
13.09
14.54
14.41
13.53
13.41
12.96
12.53
12.34
11.43
11.39
11.62
11.72
11.46
10.71
10.83
10.74
10.98
11
11.06
10.81
10.96
11.66
12.13
12.56
13.96
14.85
15.57
14.97
14.12
13.35
13.95
13.5
11.85
11.79
11.78
11.95
12.14
11.13
11.05
11.04
11.31
11.79
10.98
11.14
11.43
11.41
14.84
16.65
17.76
20.18
18.47
22.33
19.38
16.84
15.11
13.02
12.83
12.63
13.15
17.09
16.68
14.98
12.46
11.85
12.18
12.28
12.06
12.81
12.83
13.08
14.4
14.27
13.97
12.71
13.01
12.6
12.26
12.34
12.28
12.35
12.51
12.25
12.25
12.56
12.74
11.66
12.17
12.36
11.93
12.21
12.25
11.66
12.37
12.71
12.67
13.95
13.91
12.34
12.13
12.4
12.43
15.29
16.9
13.7
12.82
12.77
12.7
12.65
12.63
11.85
12.53
12.39
12.25
12.17
12.33
12.53
11.99
13.65
16.3
16.68
21
21.04
18.36
20
20.86
18.59
16.97
15.74
14.51
14.45
14.7
14.44
14.76
13.87
14.31
14.06
13.94
13.89
13.96
14.15
14.02
15.32
17.81
19.36
21.41
22.79
27.21
24.81
24.24
20.02
17.04
14.18
13.4
13.17
13.34
13.58
16.88
14.06
12.31
12.69
12.15
12.32
12.48
12.07
12.56
12.71
16.05
28.65
42.72
38.21
36.99
30.11
31.73
21.78
22.12
18.47
16.27
15.03
13.49
12.96
14.55
15.75
12.16
12.15
11.9
12.45
12.64
12.2
12.13
12.67
15.8
26.31
34.43
38.88
37.76
30.15
28.34
21.66
20.36
19.64
19.85
16.49
18.51
20.09
17.9
11.87
11.3
10.91
11.1
11.1
11.22
11.43
11.16
11.2
13.79
27.37
35.63
37.44
38
37.56
34.86
29.07
23.27
16.45
13.22
12.89
12.55
11.93
12.18
11.57
11.29
11.22
11.37
11.38
11.42
11.28
11.41
11.18
12.34
11.71
11.48
11.61
11.79
11.54
12.05
12.6
12.33
12.41
12.03
11.53
11.25
11.61
11.82
11.03
11.29
11.48
11.15
11.31
11.36
11.45
11.27
11.37
10.25
11.62
11.7
11.53
11.28
11.74
11.7
11.61
14.65
12.18
11.81
11.81
11.89
11.5
12.54
11.15
11.11
10.8
11.3
11.44
11.31
11.19
11.14
12.28
14.43
41.21
53.02
54.49
54.56
43.59
42.59
29.81
22.85
16.36
16.58
17
22.28
20.28
19.71
10.86
10.34
10.64
10.4
10.46
10.36
10.49
10.4
11.57
12.71
31.57
41.87
45.38
41.46
33.54
31.64
27.07
20.68
14.05
13.71
15.93
18.8
17.93
17.92
12.25
11.56
11.3
11.5
11.86
11.68
11.96
11.65
11.78
14.94
28.45
41.01
43.57
46.52
40.57
42.7
41.72
26.12
15.87
13.59
13
11.36
11.25
14.79
14.57
10.12
10.29
10.21
10.24
10.39
10.16
10.37
11.39
15.26
39.99
53.98
59.04
58.05
41.09
38.87
32.82
29.67
19.49
15.52
15.28
15.52
15.36
16.91
15.01
10.95
10.28
10.37
10.38
10.1
10.25
10.5
10.54
14.17
31.72
43.21
41.95
41.66
35.94
34.6
28.44
22.77
16.23
13.66
12.2
11.36
10.98
15.68
12.7
10.18
10.67
10.68
9.63
9.39
9.45
9.08
9.74
10.83
9.89
9.8
9.84
9.74
9.55
9.96
9.47
9.61
9.76
9.82
9.41
9.78
9.81
10.17
9.69
9.51
9.41
9.29
9.65
9.2
9.41
9.78
9.05
8.85
9.95
9.58
9.82
9.73
9.88
9.84
9.78
10.15
11.25
10.37
10.62
10.14
13.6
11.6
9.5
9.71
9.66
9.56
9.51
9.62
9.24
9.73
11.63
14.09
25.23
34.31
34.23
34.49
30.6
29.78
23.2
19.65
15.25
14.64
15.24
20.03
22.51
21.29
11.2
10.26
10.68
10.7
10.61
10.54
10.63
10.41
12.64
16.12
36.04
47.86
43.43
44.11
38.9
36.77
28.71
22.81
16.78
14.38
15.04
15.73
18.3
17.16
11.44
9.94
10.06
9.73
10.38
10.08
9.71
10.19
11.08
14.46
35.76
49.37
44.64
42.99
36.94
37.07
31.91
22.26
17.56
14.56
12.27
10.63
11.31
14.1
12.79
9.35
9.67
9.73
9.28
9.65
9.7
9.63
10.6
12.94
31.45
41.55
40.02
37.98
27.64
26.64
21.11
17.45
16.3
16.92
14.99
16.28
16.52
17.13
12.99
10.04
9.49
9.58
9.63
9.66
9.43
9.82
10.95
14.48
25.36
34.52
38.11
40.78
40.38
39.26
34.01
24.82
19.06
18.68
12.18
11.35
11.99
12.28
9.88
9.77
9.85
10
9.59
9.73
9.96
9.76
10.38
12.27
11.46
11.26
10.85
10.81
10.07
10.11
10.15
10.11
9.81
10.19
10.19
10.25
13.11
13.42
9.84
9.75
10.08
9.68
9.79
9.95
10.09
9.43
10.12
11.07
11.45
11.77
11.44
10.24
10.49
9.78
10
10.65
10.29
10.14
10.53
10.3
10.03
10.92
9.87
10.09
9.83
9.4
9.95
10.14
9.93
10.37
12.96
17.84
40.13
53.99
47.09
47.8
40.87
38.4
26.79
24.62
18.71
15.59
15.26
17.79
20.8
24.75
14.54
10.3
10.69
10.44
10.73
10.29
10.65
10.5
12.95
17.29
40.11
52.83
44.58
42.12
33.14
34.09
30.54
22.37
16.2
15.67
16.68
19.55
22.24
25.63
13.54
10.6
10.81
10.68
10.69
10.77
10.65
10.61
11.74
16.58
35.8
47.83
47.23
51.35
41.28
39.84
37.68
27.38
17.66
17.12
15.69
13.48
14.33
17.06
15.33
11.19
11
11.47
11.31
11.19
11.22
11.29
12.93
17.11
40.6
57.03
47.67
47.2
31.18
30.51
25.89
22.85
15.59
13.42
15
17.34
16.48
21.66
14.94
10.56
10.52
10.13
10.52
10.15
10.46
10.32
12.18
17.22
37.31
47.32
46.85
45.57
41.16
40.42
35.19
24.91
15.22
13.87
12.32
10.75
10.55
14.04
10.49
9.66
10.07
10.2
10.07
10.02
10.2
9.87
10.58
12.8
11.75
12.11
10.87
9.86
10.35
10.52
10.02
10.29
10.16
10.28
10.45
10.47
10.01
11.41
10.3
9.89
10.16
10.12
9.87
10.16
10.2
9.84
10.25
10.91
11.05
11.29
10.76
10.54
10.2
10.22
10.18
10.53
10.8
10.55
10.37
10.78
11.19
12.31
10.25
10.27
9.8
10.21
9.97
10.13
9.89
10.28
11.16
16.34
40.22
53.43
52.02
51.23
42.63
36.16
26.08
21.86
17.01
15.34
15.86
18.32
20.86
21.18
11
10.42
10.06
10.67
10.47
10.38
10.32
10.5
11.27
16.8
37.92
48.96
49.96
47.97
36.85
36.45
29.39
23.2
16.07
15.18
16.72
20.95
23.44
26.41
13.26
10.22
10.05
10.28
10.43
10.44
10.08
10.44
10.58
15.54
35.13
50.67
46.41
46.32
40.49
40.46
38.83
27.7
15.49
15.3
16.41
16.36
18.72
18.35
14.34
9.92
10.55
10.02
10.05
10.16
10.16
10.29
10.41
14.86
37.51
51.54
56.03
54.89
38.04
33.57
25.52
21.5
16.93
16.79
15.84
17.45
20.32
18.09
14.92
12.42
11.29
12.06
11.8
11.48
12.46
12.42
13.6
18.48
39.83
49.4
51.22
48.58
42.4
41.83
37.98
28.27
19.98
17.88
12.73
11.48
13.55
14.51
11.75
10.5
10.69
11.37
11.19
10.89
11.19
11.22
11.37
13.89
13.6
12.47
12.42
12.54
12.02
12.42
12.31
12.02
14.25
14.65
14.39
13.48
12.92
13.45
12.05
11.15
10.92
11.09
11.08
11.14
10.92
11.18
10.98
12.08
13.26
12.57
11.98
12.93
12.38
12.08
12.31
12.57
11.47
11.46
11.17
11.53
12.62
13.88
10.91
11.12
11.15
11.25
10.86
11.27
11.25
10.79
13.72
19.56
43.39
60.89
57.12
55.63
43.72
38.84
27.72
21.65
16.08
15.03
17.46
18.81
20.27
25.56
11.29
10.75
10.65
10.76
10.43
10.8
10.71
10.75
12.91
17.37
44.53
64.92
63.72
62.97
49.18
45.51
39.29
32.19
22.6
20.26
21.07
27.89
27.34
22.12
11.48
11.08
10.85
10.93
10.98
10.76
10.84
11.02
11.94
16.93
45.53
68.23
66.52
71.03
61.72
62.18
53.04
37.3
23.28
20.25
17.82
18.88
22.08
24.02
18.17
12.44
11.93
12.28
11.76
12.25
11.92
12.46
13.18
17.07
47.74
67.59
54.04
52.82
37.46
39.46
42.83
31.67
22.8
22.09
21.64
21.85
23.29
23.44
17.14
12.44
12.03
11.73
11.59
11.99
11.79
11.71
13.64
19.87
46.38
58.06
55.24
53.49
44.08
40.03
34.93
27.77
18.96
20.36
14.9
12.67
14.92
15.24
14.27
11.1
11.32
10.96
11.15
11.87
11.62
11.81
11.6
13.76
12.76
12.25
12.29
12.16
12.89
13.48
12.85
12.51
15.05
14.53
15.25
15.77
15.92
17.6
16.41
15.99
14.89
15.56
15.31
13.13
11.73
11.76
11.86
11.69
13.42
12.18
13.9
15.68
15.36
12.26
11.4
11.98
11.75
11.79
11.7
12.12
12.83
13.18
11.25
11.26
11.26
11.58
11.02
11.25
11.35
11.23
12.46
18.38
50.49
65.85
61.16
58.51
48.77
44.49
35.82
27.64
20.6
19.69
20.1
24.36
25.9
25.34
15.71
14.35
13.56
14.13
13.75
13.98
13.87
14.55
16.14
20.38
42.95
54.68
59.55
58.27
46.69
46.13
40.15
30.27
22.92
22.88
25.78
30.09
30.49
29.78
17.22
14.3
14.09
14.46
14.25
14.02
14.14
14.23
16
20.91
43.91
57.65
57.97
60.87
54.62
54.43
48.8
33.73
21.37
21.28
18.87
16.74
21.24
21.73
19.23
14.33
14.73
13.96
14.48
14.21
14.25
14.91
14.85
21.29
52.42
71.06
60.06
55.23
42.3
40.74
34.89
27.63
23.27
23.6
24.06
26.29
30.36
29.38
20.3
15.46
14.79
15
15.01
14.69
15.22
15.28
15.64
22.33
48.24
53.78
56.13
55.59
49.2
49.7
35.49
25.62
20.4
18.3
17.26
19.61
21.28
19.64
15.33
13.79
13.57
13.83
13.61
13.43
13.8
13.59
14.21
16.97
16.91
15.55
15.71
15.17
15.57
15.46
15.49
15.46
14.51
13.99
13.93
14.13
17.25
17.3
13.77
13.67
13.38
13.82
13.56
13.35
13.61
13.69
13.38
14.63
15.75
14.99
15.08
14.5
15.16
14.59
14.82
16.17
14.96
14.37
14.56
15.47
14.66
15.53
13.76
13.39
13.83
14.31
14.69
14.46
14.41
14.9
17
21.79
56.83
76.37
75.48
71.82
63.63
60.94
36.16
27.62
21.66
20.44
22.37
26.98
31.46
27.52
15.9
14.29
14.66
14.2
14.54
14.16
14.47
14.78
15.94
21.29
45.46
61.17
65.12
60.67
55.72
53.36
36.5
29.2
22.98
19.76
21.83
32.09
35.01
31.16
16.26
14.41
14.46
14.86
14.22
14.84
14.74
14.92
15.4
21.14
31.11
33.22
32.94
45.18
41.79
33.66
32.17
31.57
26.4
24.84
18.4
16.32
16.95
17.28
15.4
14.52
14.43
14.41
14.68
14.55
14.79
14.87
16.04
20.74
53.52
69.97
60.64
59.16
43.75
42.58
28.75
26.08
23.14
23.57
18.86
18.14
21.54
21.57
19.22
15.59
14.3
14.64
14.59
14.55
14.62
14.94
15.26
18.41
36.4
45.77
48.67
45.59
33.6
31.02
30.21
22.71
18.58
17.52
17.3
18.93
17.66
18.48
15.99
15.34
15.38
15.31
15.11
15.42
15.35
15.35
15.17
18.56
17.86
16.85
16.28
16.29
16.16
15.95
16.06
15.48
17.05
18.56
16.65
15.03
15.43
16.25
14.25
14.18
14.31
13.97
14.63
15.12
15.24
15.02
15.05
15.33
16.56
15.66
15.81
15.13
16.07
15.7
15.53
16.63
16.13
14.76
15.21
15.34
15.2
16.25
13.96
13.95
14.67
15.19
15.17
14.8
15.22
15.21
16.88
18.53
17.87
16.53
17.1
15.97
16.22
15.88
16.5
16.53
16.18
16.66
16.93
16.46
21.54
18.49
16.03
15
14.76
15.21
15.19
15.1
15.01
15.48
16.21
18.57
17.98
17.02
18.25
19.52
21.47
17.9
16.67
16.3
16.67
17.48
20.44
18.37
18.3
18.21
15.89
14.31
14.27
14.51
14.04
14.64
14.14
14.21
15.87
17.98
19.83
18.24
19.81
22.97
23.06
21.35
20.28
18.72
16.41
16.06
16.22
21.52
17.57
18.46
15.58
14.56
14.32
13.91
14.58
14.02
14.31
14.26
15.18
18.3
17.63
18.4
17.45
17.21
18.89
18.07
17.31
16.26
18.4
17.31
17.09
21.38
21.76
21.72
15.99
15.65
14.83
15.4
15.38
15.07
15.26
15.19
15.9
18.64
18
17.81
18.47
18.19
20.61
20.51
16.85
16.81
16.51
16.18
16.49
21.04
22.09
19.54
15.71
15.3
15.07
14.79
15.46
15.27
14.95
15.2
15.38
17.65
17.72
16.21
16.01
16.1
15.83
15.54
15.73
15.59
15.58
14.93
14.66
15.05
15.79
16.17
15.19
15.46
15.09
15.02
15.16
15.14
14.9
15.08
14.6
15.45
16.27
15.21
15.7
15.5
15.65
15.1
14.81
15.7
15.55
14.78
19.83
19.25
17.83
16.55
15.12
15
15.03
15.25
15
15.12
15.1
15.17
17.21
18.12
18.2
18.83
18.8
19.89
20.68
18.79
17.59
17.02
16.26
15.75
18.96
20.91
21.57
18.71
15.3
14.9
14.55
14.57
15.06
14.57
14.7
14.85
16.4
18.22
17.66
17.68
18.97
18.97
19.11
17.3
17.78
16.33
16.79
21.41
21.71
16.77
17.67
17.68
15.57
14.61
14.79
14.32
14.82
14.81
14.26
15.12
15.55
18.23
18.19
18.47
18.1
18.71
20.41
20.5
17.39
16.68
16
17.53
17.16
20.39
22.01
21.66
16.11
14.9
14.82
15
15.18
14.94
14.73
15.18
15.42
17.91
18.67
19.14
18.63
18.11
17.58
18.21
16.94
16.08
16.57
16.27
16
19.83
21.35
19.86
15.77
14.11
13.47
13.91
13.64
13.74
13.89
13.68
15.26
17.68
17.56
16.79
17.48
17.02
18.14
17.48
16.66
17.25
16.98
16.78
19.05
20.59
21.33
20.51
17.11
14.92
14.55
14.45
14.66
14.67
14.32
14.36
15.33
18.37
18.25
16.73
16.71
16.5
16.17
17.36
18.39
17.74
16.15
15.21
14.77
15.86
16.21
16.29
14.73
14.7
14.24
14.66
15.01
14.21
14.68
14.43
14.59
15.78
17.14
16.3
15.89
15.78
15.68
15.44
15.36
15.91
15.93
14.69
16.61
18.03
18.44
17.41
14.15
14.23
14.27
14.25
13.87
14.09
14.17
14.48
16.3
24.31
57.02
72.61
66.42
63.21
54.96
57.1
38.37
32.88
23.96
25.22
29.17
32.04
25.28
24.08
17.69
14.66
14.14
14.61
14.26
14.1
14.11
14.56
16.26
22.3
55.76
78.45
74.55
71.24
64.4
60.03
43.64
35
28.58
26.68
30.15
34.04
38.11
34.57
19.33
15.56
15.59
16.09
15.38
15.88
15.63
15.98
17.22
22.87
54.74
67.98
62.38
61.44
53.56
51.43
45.17
35.56
23.95
22.64
19.72
19.86
22.26
22.32
20.22
15.11
15.1
15.26
15.46
15.36
15.34
15.61
16.51
22.21
53.64
71.58
64.79
63.45
47.9
49.63
38.64
33.01
25.32
25.25
22.67
28.32
30.29
27.84
18.5
14.13
14.28
14.27
14.09
14.59
13.72
14.37
15.68
21.01
51.16
66.62
69.08
69.59
63.8
63.74
51.57
35.78
25.68
24.36
18.04
20.48
22.24
19.64
16.03
14.64
14
14.09
14.25
13.92
14.2
13.96
14.93
17.57
17.84
16.61
16.27
15.69
16.21
16.08
15.91
16.06
15.39
14.62
14.61
15.5
15.85
15.93
14.04
14.16
13.9
14.25
13.75
14.04
13.8
13.99
13.81
15.13
16.87
16.04
15.32
15.79
15.32
15.21
16.36
19.44
19.91
19.34
19.16
20.01
16.85
15.56
14.15
13.67
13.78
13.74
14.17
13.92
13.79
14.48
16.44
23.44
56.6
71.16
69
69.62
66.83
60.09
38.34
31.45
23.87
26.32
31.19
34.95
30.67
28.21
16.2
14.46
14.09
14.4
14.36
14.01
14.63
14.05
17.26
21.92
55.96
74.46
70.28
68.26
57.1
54.33
39.25
34.22
28.22
25.98
29.2
33.16
34.82
31.73
19.33
15.55
15.39
15.06
15.36
15.43
15.38
15.77
16.62
21.93
54.23
71.87
66.92
62.05
52.8
54.54
48.74
31.57
23.67
22.48
23.79
21.25
22.25
21.95
19.97
14.46
14.26
14.1
14.2
14.24
13.85
14.47
16.24
21.16
54.98
71.24
69.43
66.97
44.8
44.71
33.53
31.11
25.52
21.84
21.71
23.46
25.3
24.21
18.47
14.8
14.12
13.79
14.07
13.66
13.62
14.29
15.17
19.98
51.85
61.08
61.69
59.39
41.9
39.06
37.48
28.06
23.22
22.14
16.51
20.4
20.42
19.65
14.55
13.92
13.88
13.71
13.88
13.77
13.84
14.01
14.27
16.95
17.3
16.75
15.91
15.55
15.49
14.71
14.32
13.89
14
15.03
17.76
17.17
15.29
15.44
14.07
13.44
14.26
13.56
13.83
13.6
14.19
13.29
13.92
13.65
14.74
15.74
15.45
14.96
15.12
14.77
14.57
14.03
14.3
14.31
14.93
15.59
16.1
15.78
15.56
13.91
14.14
13.63
13.91
13.55
13.72
13.87
14.19
15.81
17.66
17.49
16.88
16.95
16.41
17.36
16.64
16.73
16.24
15.53
15.04
19.29
19.75
20.06
21.29
15.99
13.94
13.81
13.61
13.78
14.01
13.77
13.93
15.91
17.11
17.41
16.57
16.02
16.01
16.48
19.98
19.21
15.7
21.62
20.58
18.51
21.74
21.69
17.49
15.9
15.12
14.79
15.19
14.57
15.07
14.98
15.05
15.61
21.72
52.24
66.88
55.98
53.08
46.96
49.99
50.3
37.04
22.77
23.94
24.38
24.02
22.42
22.44
19.98
14.9
14.98
14.94
14.95
15.05
14.93
15.12
16.1
21.13
50.6
67.85
61.26
57.8
47.67
47.09
39.46
36.49
26.65
26.18
25.95
27.88
27.98
27.05
20.12
16
15.11
14.94
15.02
15.17
14.71
15.42
15.94
22.67
48.24
58
62.49
60.94
48.85
45.48
45.73
35.4
27.5
24.97
22.61
22.42
22.69
19.8
15.46
14.88
14.67
14.8
14.54
14.83
15.03
14.57
15.68
18.06
17.85
17.4
16.7
16.51
15.48
15.5
15.81
15.4
15.13
16.85
16.97
16.09
16.45
16.91
14.48
14.84
14.57
14.73
14.77
14.57
15.09
14.88
14.69
15.01
15.78
15.28
14.99
15.14
15.21
15.4
14.85
19.39
19.47
19
16.64
17.08
16.34
16.66
14.9
14.34
14.59
14.85
14.36
15.13
15.44
14.96
17.59
23.59
56.67
68.6
67.87
69.86
62.72
60.28
38.77
34.89
23.98
25.45
31.88
32.18
33.69
31.17
16.19
13.76
13.41
13.48
14.82
14.25
14.59
14.96
16.67
22.46
49.16
62.22
59.03
52.54
47.03
44.55
41.48
31.28
23.12
26.85
34.23
36.52
37.94
31.66
18.17
13.72
13.48
13.71
13.75
13.3
13.78
14
14.67
23.54
55.18
68.95
61.18
52.68
48.63
49.07
41.95
32.89
25.1
24.99
22.23
22.61
21.84
21.55
19.13
14.6
14
14.68
14.44
14.61
14.53
14.54
15.81
21.76
49.57
65.11
55.14
52.81
43.42
41.07
36.58
29.94
23.09
25.49
24.7
21.25
21.63
20.84
18.48
15.4
15.13
15.45
15.04
15.33
15.4
15.22
15.77
21.29
26.07
25.63
22.66
21.6
20.45
19.65
18.98
19.8
21.71
19.76
20.93
23.04
22.57
22.74
19.9
15.33
15.04
15
15.27
15.18
15.05
15.55
15.36
17.95
17.75
16.74
16.18
15.65
15.34
15.58
15.45
15.97
15.51
18.12
21
16.92
17.09
17.13
15.02
15.34
15.26
14.78
15.29
15.33
15.09
15.29
15.28
15.3
17.63
15.56
15.27
15.75
15.61
15.28
15.54
15.99
15.79
17.79
20.97
21.05
20.92
19.36
15.1
15.21
15.45
15.22
15.16
15.88
15.11
16.81
18.81
24.92
57.14
68.62
68.01
66.33
62.79
62.3
41.65
35.24
26.44
29.46
34.39
37.33
36.69
34.16
17.45
14.94
15.13
14.99
15.06
14.63
14.75
15.37
16.87
22.63
53.77
69.04
70.02
69.33
45.92
44.21
41.35
34.18
23.99
31.35
37.18
38.43
39.03
36.06
19.03
14.58
14.28
14.51
14.57
14.56
14.39
15.14
14.89
24.02
54.16
72.08
63.98
65.74
53.06
55.3
54.98
34.98
23.67
27.5
24.28
20.37
21.32
21.04
19.04
15.15
15.16
14.87
15.37
15.08
15.05
15.37
15.52
22.83
57.01
77.29
69.66
69.01
52.18
51.71
48.89
38.8
26.25
25.66
30.52
32.11
31.17
28.67
19.64
14.96
13.92
14.47
14.14
13.84
14.16
14.51
14.25
24.06
54.97
68.61
67.84
66.25
51.43
49.06
40.64
30.63
22.32
22.05
21.43
22.24
22.14
21.35
14.93
14.27
14.76
14.61
14.81
14.78
15.3
15.74
16.35
18.7
18.66
17.38
16.9
17.42
17.17
16.59
16.28
16.34
16.37
17.05
21.68
17.98
18.1
18.1
16.6
16.67
16.16
16.48
16.48
16.42
16.55
16.58
16.25
16.78
20.2
17.61
16.67
16.75
16.25
16.05
17.52
21.37
17.59
20.16
22.94
19.87
16.97
17.22
15.8
15.5
16.12
16.56
15.8
15.97
16.14
16.42
19.25
23.8
60.6
78.33
77.61
76.39
58.9
52.18
37.93
34.26
25.33
26.08
30.66
34.66
32.94
30.22
16.28
15.26
14.76
15.18
15.01
15.14
14.93
15.38
20.15
25.19
58.7
76.34
71.69
70.17
58.66
57.85
51.11
39.15
27.52
25.96
29.59
34.69
33.51
29.71
15.97
14.79
14.7
14.67
14.92
15.03
14.84
15.01
16.54
24.15
62.13
79.69
79.96
77.92
62.56
60.84
58.08
40.29
27.14
30.56
25.25
19.2
23.43
20.99
18.43
14.67
14.8
15.27
14.8
14.9
15.04
15.53
16.99
23.21
55.01
73.11
74.88
72.63
59.53
58.84
48.4
40.66
29.89
29.18
27.92
30.74
31.26
28.84
22.21
17.72
17.05
17.18
17.24
17.4
16.95
17.77
18.48
25.51
53.22
66.96
72.91
69.28
65.76
63.27
52.42
43.25
32.08
32.56
25.71
23.9
23.75
22.4
17.15
17.09
17.49
17.15
17.25
17.26
17.33
17.46
17.68
20.81
20.11
18.72
18.64
18.63
18
17.37
17.53
17
18.01
18.28
19.64
20.96
19.18
18.73
17.27
17.53
17.26
17.48
17.51
17.53
17.29
17.18
17.49
18.1
20.62
19.49
18.36
17.74
17.6
18.73
19.45
22.94
24.88
25.18
26.6
24.41
22.67
18.97
18.14
18.8
18.75
18.87
18.9
19.1
18.63
18.75
21.05
26.68
62.74
79.06
81.62
78.36
61.86
60.09
49.17
38.93
29.71
30.43
33.09
37.28
34.84
33.32
20.49
17.76
17.58
17.91
17.7
17.54
17.94
17.54
20.08
26.11
57.95
75.33
73.5
71.46
65.8
65.21
61.97
49.23
29.67
31.68
37.79
42.13
39.86
36.18
22.74
17.05
17.42
17.35
17.04
17.17
17.52
17.52
17.78
25.3
58.32
75.69
80.53
81.29
75.23
70.19
66.89
58.91
42.88
33.79
27.72
23.16
22.03
22.15
19.61
15.22
14.62
15.1
15.48
15.52
15.54
15.71
16.18
23.53
56.87
75
81.13
79.2
67.38
65.3
37.22
36.67
30.15
27.25
27.24
25.75
23.33
22.25
16.62
15.29
15.35
15.78
15.84
16.03
16.14
15.89
16.48
26.24
61.55
70.18
78.14
74.14
70.35
69.67
52.49
39.14
27.3
31.09
26.4
25.46
25.72
22.36
18.38
18.08
17.93
17.77
18.06
18.07
18.21
17.73
18.27
22.41
23.05
22.3
21.41
21.3
19.88
18.62
18.57
18.57
20.61
20.24
20.86
19.55
19.71
19.7
18.01
17.9
17.86
18.11
18.11
17.74
17.75
17.79
17.88
17.98
21.6
22.32
21.51
22.14
23.51
22.88
22.98
22.44
21.5
21.7
22.82
24.6
22.75
20.07
17.92
18.23
18
18.49
18.34
17.96
18.33
18.32
21.13
29.18
62.18
77.55
77.66
77.48
70.82
66.06
47.52
38.61
29.79
30.22
37.21
40.91
37.22
30.74
18.04
17.04
17.02
17.48
17.12
19.32
17.73
18.08
19.58
27.46
54.98
69.32
73.33
70.17
59.05
58.01
53.58
37.69
27.48
31.06
36.68
37.6
35.33
32.91
20.21
16.32
15.98
16.19
15.78
15.59
16.09
17.49
18.9
28.23
55.45
68.73
70.32
67.67
53.42
52.18
56.04
44.5
32.6
34.22
28.3
22.11
23.72
24.66
21.76
15.98
16.14
15.92
17.46
15.89
16.82
16.82
18.87
26.84
50.66
59.94
64.24
60.51
51.02
50.83
45.15
36.28
30.48
29.15
30.33
29.34
29.37
24.98
18.83
16.69
17.2
16.86
16.85
16.78
17.07
17.2
19.02
27.59
55.53
64.21
76.18
73.29
56.22
50.8
36
30.6
25.94
24.9
23.9
23.24
23.85
22.9
16.71
16.47
17.03
17.01
17.28
17.07
16.9
17.24
17.17
21.86
21.96
22.81
20.4
21.28
24.18
23.95
24.49
22.23
19.99
21.04
21.1
21.55
21.44
21.57
17.37
17.33
17.1
17.05
17.33
16.95
17.08
16.96
19.49
17.77
20.63
21.08
20.85
22.61
24.97
23.95
23.92
22.12
23.47
25.64
26.1
26.01
24.79
21.41
17.46
17.44
17.19
17.86
17.51
17.55
19.76
17.46
20.45
29.88
59.39
78.2
78.38
75.31
60.51
54.54
37.4
35.97
30.89
34.41
37.75
38.89
43.59
39.62
21.35
17.96
17.93
18.35
18.23
18.19
18.41
18.47
20.71
27.84
52.74
65.63
68.93
66.93
54.44
56.67
51.99
40.43
31.66
35.41
41.46
44.73
42.05
36.23
21.53
17.25
17.76
17.28
17.9
18.29
18.02
18.18
18.63
27.59
57.17
71.12
80.36
74.93
54.13
53.2
49.39
44.16
31.57
32.29
27.66
23.89
25.2
26.25
21.98
17.19
17.34
17.47
17.36
18.05
19.08
17.98
18.92
26.06
61.37
80.81
86.34
76.94
52.32
51.82
40.85
34.54
30.18
30.15
35.67
35.28
34.27
31.39
25.5
17.96
17.88
18.33
18.26
18.73
18.46
19.65
19.98
28.87
58.94
68.04
68.63
57.63
43.54
41.47
34.48
30.94
31.81
32.77
28.98
27.98
25.73
25.13
18.57
16.7
17.21
16.95
17.34
17.22
17.13
17.15
18.93
21.8
21.97
21.84
21.03
20.66
20.47
20.55
20.86
20.53
20.59
20.81
21.59
22.1
22.5
22.31
17.99
18.04
17.87
19.04
18.35
17.89
17.94
17.65
17.98
17.99
21.65
21.83
22.91
23.47
22.84
22.61
22.7
21.58
24.81
25.26
25.77
24.9
24.62
21.85
17.33
18.64
16.93
17.06
17.07
17.39
17.32
18.11
19.98
28.44
62.67
82.11
85.48
77.17
66.09
61.26
44.88
39.78
32.96
32.62
35.55
38.92
32.56
27.5
14.69
13.29
13.47
13.19
14.19
12.93
13.93
13.48
17.6
24.71
53.32
63.32
65.8
65.14
55.58
59.32
52.22
44.26
30.97
27.63
27.37
27.5
27.21
24.65
14.76
13.28
13.04
13.64
13.07
13.34
13.2
15.88
15.27
25.31
45.11
64.77
66.59
60.92
51.75
44.08
29.71
28.6
27.28
27.97
27.35
26.83
24.28
23.49
19.94
13.86
13.65
13.64
13.73
13.54
13.51
15.27
14.76
24.05
52.54
69.89
73.24
62.07
48.48
43.01
29.66
29.88
26.94
27.98
30.29
24.77
20.95
17.9
13.87
12.36
12.57
12.61
12.36
12.43
12.84
12.36
12.65
17.85
15.24
15.03
14.52
14.24
13.82
13.65
13.7
11.24
11.42
13.29
14.13
14.01
12.99
12.7
12.23
13.62
11.93
12.05
11.83
11.91
12.11
12.01
11.83
11.86
11.95
11.89
10.56
10.41
10.51
10.67
10.41
10.36
10.25
11.17
12.21
12.01
14.14
11.84
11.94
12.26
11.99
12.2
11.82
12.09
11.94
12.28
11.99
11.94
12.14
11.54
11.11
10.66
10.41
10.41
10.87
11
12.42
12.68
12.41
12.26
11.78
12.38
11.67
12.04
11.83
12.04
11.96
11.72
12.02
12.02
12.46
11.99
12.3
12.34
11.48
11.2
10.78
12.45
10.92
10.6
11.14
11.62
12.51
13.65
12.96
13.04
12.61
12.54
12.38
12.9
13.38
13.1
13.4
13.25
13.88
13.87
13.92
15.08
12.77
12.45
12.36
12.53
11.92
11.8
12.36
12.77
13.91
13.95
14.07
13.9
13.2
13.46
13.21
13.48
13.07
13.39
15.24
13.16
13.66
13.9
14.14
14.67
13.76
13.26
12.24
11.47
11.62
11.72
11.89
12.35
12.42
12.46
12.37
12.71
12.55
11.78
13.95
12.04
12.02
12.27
12.16
11.94
12.29
12.28
12.05
11.76
11.19
11
10.54
10.39
10.74
10.53
11.31
12.75
12.31
12.62
12.46
14.74
12.34
12.18
12.53
12.29
12.07
12.35
12.26
12.52
12.65
12.92
13.13
12.44
11.61
11.6
11.22
11.22
10.93
11
13.01
18.39
14.16
14.16
14.34
14.22
12
11.5
11.47
11.53
11.56
11.48
11.58
10.81
10.4
10.66
11.05
11.03
10.14
10.04
9.68
9.61
12.02
9.83
9.6
10.17
10.82
11.06
10.5
10.71
10.68
10.48
10.47
