33.68826611
33.77425244
34.21908471
33.79507641
32.71651684
33.90422437
35.69486584
35.11962823
30.12765858
34.20953072
31.57151939
30.51124865
31.56509785
29.20745355
25.7382141
24.17193885
23.5094874
24.56147398
27.62374621
26.17287846
20.93518326
23.06102337
22.49004923
21.81037463
21.59193539
21.4467464
21.42545745
21.39932171
21.3497894
24.92572492
20.53885698
21.06296715
15.68236311
13.99420452
12.1023701
11.92816816
11.96282653
12.68414923
12.12363721
11.92489903
11.65285649
12.09342146
17.46521036
20.22085614
20.56193971
20.49797567
20.82280098
21.07738415
21.40521179
21.58662365
22.02040124
22.48779162
22.83307598
25.26162147
20.50202445
19.33610448
19.53703885
21.69809827
19.99439106
19.08868908
17.66702497
17.45326752
18.06230416
17.88509424
17.91082008
18.70383726
23.87200409
26.14407315
21.0350945
22.25026577
22.91173207
20.17806129
20.5024235
20.38042692
20.33754824
20.31304419
20.25368335
22.51129845
20.78191899
16.15718266
14.58279055
18.72310893
16.69781275
17.25924671
18.37889787
17.78592475
16.69784378
15.12626644
15.02732306
15.64580882
20.17724972
21.68205977
16.79195556
17.27018221
18.89755798
15.66968324
15.66798315
15.70478083
15.6576329
15.66369328
15.63942455
20.01074276
15.23474108
15.2843881
10.75004804
15.37251318
13.21210719
12.76261754
12.66912169
13.33006794
12.22159235
12.53553011
11.62998734
11.95226289
16.47287056
21.09860194
14.49558307
14.87387363
16.16782261
13.19688625
13.17572383
13.16639388
13.21421103
13.33476068
12.96073113
17.16451842
11.05646313
13.93706865
10.27611873
12.33002191
10.78477384
9.843392456
11.10302958
9.784853259
9.816971643
10.18175195
10.93661261
9.989941084
15.51774606
17.2225196
11.68880553
14.01790733
13.62577276
11.7861228
11.73448276
11.72511145
11.81690007
11.94506658
12.10348969
14.17665811
10.63683511
15.39945372
10.84143622
12.17643361
9.930493937
9.955691026
9.900516731
9.9037034
9.332442837
9.762872182
9.459183586
10.7560003
17.26627105
17.46996887
14.26206779
15.44555406
15.15554329
14.68122223
14.42867703
14.22432355
14.27491671
14.558328
14.57721259
14.82644357
10.94634277
10.76080185
10.87707148
14.48234483
12.50599562
11.65550064
11.99187255
11.9410396
11.60686061
11.20035731
11.99467558
11.12431914
16.04512444
16.50442217
13.16565797
12.85941736
12.89832703
13.62234463
12.91297151
12.89443816
12.74156691
12.84806572
12.95022946
13.86587914
9.67236365
10.88635938
9.846133096
10.26527148
9.447887803
11.23307735
9.136474893
10.35896502
9.430393997
9.005650781
9.229769348
9.463477996
12.07217959
13.30483844
15.52532519
14.40223827
14.31299407
14.31830565
14.41427197
14.33458683
14.32235475
14.40999089
14.63428928
16.86914267
10.49349015
10.49331822
10.86072993
14.74897098
12.26462459
11.93139173
12.13636258
11.52991474
10.66053966
11.28504319
10.93181937
11.45166248
16.41131585
16.88011061
13.23209537
14.18024941
13.37199431
11.95798997
11.82102084
11.69233837
11.75387019
11.77182481
11.54481088
16.40968918
10.79233037
10.9748294
9.015369274
10.8257064
9.37259516
9.182768346
9.044854403
8.902544186
8.199349258
8.301056664
8.104826945
9.608296238
14.54606312
14.99687678
13.73213292
14.54886715
14.19972932
13.22002026
14.14648928
14.6115932
14.9029163
15.18456486
15.15679752
19.97574982
15.00561459
12.35386508
13.49789538
14.65725646
11.46805545
10.66014195
11.19715351
11.8003955
11.54575013
12.12803171
12.23679778
12.79141314
18.1776509
18.41716462
15.34719647
15.22850536
15.5864147
13.56571258
13.49921259
13.62996124
13.67846914
13.65576794
13.65765341
15.71747228
13.23990636
13.39955201
11.76423072
13.47810633
12.45684151
12.79457051
12.31317388
10.63207886
11.09880496
10.48971232
11.01714893
12.06786384
18.76356484
18.34757709
13.65553409
14.61480785
15.74783054
13.92530765
13.9128334
14.28282781
14.64583017
14.67198293
14.69755539
18.51355735
14.83052367
16.49444989
11.10089151
14.16995654
13.23142997
14.08502377
14.53333408
14.24362595
13.46130057
13.88009998
13.50681293
14.35921524
18.7124854
21.538661
14.42284078
17.34988933
17.11109332
14.76275249
14.49674964
14.65100842
14.83265457
14.83681876
14.94814148
16.60507583
14.31915359
13.21591896
12.08909429
15.46532903
12.06184231
9.479165008
9.596968264
9.448837306
9.70775341
11.76846992
10.83110011
12.72379256
15.85931954
19.05761347
14.27884322
16.22854103
17.19543938
16.14475694
16.15169442
16.38812036
16.77798265
17.19014048
17.41918597
18.66896271
16.55576157
13.21107197
12.74539947
11.17007609
9.837818934
9.015796642
9.697083665
9.303126535
9.719499646
10.31573346
8.957135181
8.747579468
11.80800034
16.06394782
13.98672078
14.74395901
14.34825324
14.3674871
14.63267983
14.63277389
14.75452924
14.73098866
14.51184548
16.58409495
10.98993579
10.74987246
11.46493244
14.38332635
11.89849443
9.563469607
9.541882917
10.88167569
10.37857723
11.37907291
11.05975092
11.79965147
17.54428684
17.52592069
12.80010409
14.11954214
14.33469717
12.97520041
12.4219011
12.31847147
12.38189054
12.42804067
12.30417134
15.95404539
12.48781089
12.7833683
9.645431914
14.02815859
13.11408989
13.20907998
12.06424751
11.85245994
11.18049473
12.76936719
12.31993305
13.36732368
16.88007337
19.60526948
15.55895245
16.05448918
16.56142304
15.56759638
15.09094507
14.99223599
15.06990038
15.2533404
15.22800499
18.41759661
12.14613209
11.73900043
10.60966451
14.38550167
11.72447078
12.11228909
10.65361842
9.522534041
10.34308971
9.796906122
11.41173478
10.60110692
15.59424082
17.10015876
13.6718889
14.7653958
15.10476678
13.84860531
13.76080481
13.90011162
15.74099086
15.60644534
15.54373936
17.8844805
16.15325072
16.5508811
12.03154677
15.55032018
13.07521912
11.32704608
10.81281486
10.91845792
10.93018
11.82594395
12.71287978
13.94918383
19.14979332
20.58498521
15.16728943
17.0327696
17.05050371
15.63082106
15.13686859
15.06974826
15.26926329
15.3788688
15.38160491
17.76289114
13.53111218
12.54314003
12.55120352
13.61292804
10.56149765
10.15272415
10.66754894
11.15777942
11.03772249
11.31004609
13.06987295
12.82955668
18.45521354
19.60369127
15.78426272
16.6333837
17.93558656
15.19880616
15.48680689
15.8313559
15.81069969
15.8281312
15.80208414
18.24437646
16.90590663
18.27297023
13.74774947
13.98974858
11.59114496
12.20367644
11.90449221
11.15602294
11.500828
11.5849081
12.60010261
12.79349344
15.86805422
17.33812136
12.66693557
14.02028115
14.961304
14.37536325
14.10966679
13.89502886
13.99592041
14.07488353
13.94199165
14.65550474
10.79150478
10.81598089
10.17900787
9.107695775
10.29372174
8.942080484
8.252917142
9.457351035
8.520105524
9.379515096
9.840929177
9.707343791
13.21420202
15.64581499
14.72923204
14.69118979
15.14299972
14.9507034
14.52379668
14.63910436
14.83777889
15.54555965
15.87919407
18.69797307
13.35527975
13.29991638
12.34831288
14.71366549
12.74323944
13.20146241
12.28661393
12.66857463
11.96416494
11.3877961
12.49668445
14.03645741
18.13262467
19.47733719
15.19800632
17.34859043
16.53825359
15.24207519
14.96517746
15.38664059
15.70354096
16.03783733
16.54325367
19.02537509
17.18480797
12.47724971
11.44061914
13.98003824
11.40647756
10.95928131
11.14800065
9.595831102
9.668880253
10.9489415
12.14039953
11.48825007
18.01578107
19.26983797
15.04961527
16.52840213
15.51554096
14.29848841
14.26627873
14.71944736
14.99549973
15.68002602
16.25318644
19.17403956
13.83529379
12.80118633
12.40105359
13.97157615
11.53689353
10.43091097
9.203071555
10.11264121
9.662989302
10.49165843
11.61016639
11.77881113
18.02770128
18.96184231
18.5981697
18.35439388
17.10588524
15.58864234
16.27262241
16.64278819
16.92046302
17.34081077
17.50440459
19.53945029
13.84116041
13.81551766
14.01857016
15.3476045
13.04113277
11.17052289
11.5227854
9.540361938
10.68901133
10.94078894
11.63159778
12.00970696
17.80413915
21.20271668
16.27438362
17.24198858
17.96457492
16.31507055
16.77841091
17.21554173
17.43833903
17.81535431
18.35396605
22.05091492
15.86829478
15.62531189
15.21150497
16.11261021
12.16080497
10.60128836
10.78287789
10.21111729
10.29642128
11.38793914
11.82950578
12.1689093
18.74257903
21.18992679
17.15255973
17.34670076
18.45305495
16.90302971
15.68777154
15.54654084
15.44461994
15.52786159
15.59991112
16.97759992
13.45577809
12.20167126
12.92997481
15.90485874
14.05454659
12.33849993
13.18471034
12.37283527
11.90367617
13.07136951
13.59123081
12.8256225
16.54836425
17.96502508
14.27624558
14.99316258
14.99046839
15.14174451
14.58545803
14.7382404
14.8997034
14.98172228
15.61650554
15.63442191
14.86317858
15.10544367
12.13215448
11.40446909
10.0172863
10.79020175
10.18726725
9.953917475
9.171002671
10.40904066
9.415088155
10.04641436
12.12417812
15.77963693
15.43743149
15.98136686
16.12934847
15.75400596
15.3704236
15.46792173
15.55459549
15.71023037
15.56050667
17.77131732
11.94552434
12.15574624
11.40989616
14.86338764
13.04827427
14.30060275
12.85453486
12.06221078
11.50726678
13.06733472
12.80644162
12.3005047
17.99016424
19.0799435
14.78045385
16.19159995
15.83575607
14.74630592
14.48066929
14.67616953
14.83581561
15.08331669
15.35682276
18.76829368
17.50104867
13.6751867
12.10668861
16.34629459
14.29687162
14.59541607
12.98688687
12.7914285
11.85134279
11.63126174
12.10015088
13.34418486
19.92140187
21.95839783
18.79773801
18.66336802
19.00897817
17.12055647
17.02987892
17.36711043
17.68368197
17.91811404
18.13054476
20.8774617
14.20178116
13.00494297
14.13049562
14.7507886
12.88429876
12.14230858
10.75902648
10.4084367
11.42695829
12.56894533
12.74268987
13.50125233
18.6614988
20.65725582
17.03025677
16.79872242
17.17080121
15.18319971
15.23274142
15.35841219
15.47830466
15.63029551
15.70348876
21.27795591
12.65158571
13.36074372
11.38852302
15.40993776
14.12580051
13.96451994
13.97563641
12.96888285
13.47583802
13.35727733
13.29930367
13.21172198
18.97333929
21.08473389
15.76819753
17.43138765
17.76281537
16.18605705
15.97499358
16.27892607
16.13653933
15.99705773
15.86483929
18.22029454
17.98517958
13.95270221
12.12142947
15.3225131
12.98979521
12.91006226
12.93720221
12.47835214
11.36714959
11.04455762
11.43457606
11.66876279
17.22461218
18.44903138
14.71145337
17.16887513
15.48600142
14.41951501
13.67458643
13.68014415
13.66268431
13.70748787
13.85444239
14.04713229
10.5132392
9.965532876
9.333637158
14.63384058
12.83848646
15.18756455
15.11259951
14.33587152
13.97531951
12.84067639
11.76903003
13.29296847
18.03263825
18.48005868
15.10320751
15.52109708
15.24513102
15.22670253
15.44494416
15.72534501
16.02089852
16.3155035
16.54565672
16.90276922
12.89134689
12.85454207
11.2818594
11.68014214
9.390442896
8.979539538
8.401460967
8.089451271
8.275575755
8.671554726
8.204365101
9.010592566
11.5571478
12.65672227
12.86587966
14.19962641
13.66130893
13.98536059
14.1587963
14.33008687
14.51464824
14.85296993
15.15472104
17.32911953
11.1517182
10.79775353
11.04526658
15.31849543
11.88161788
10.15552309
9.739354904
8.812825187
7.928565308
7.953554248
8.213888777
9.116443443
14.67631937
15.50260743
12.19546987
12.94660051
12.43596505
11.74490224
12.73449477
13.10967582
13.13737561
13.31974945
13.33411824
15.27575321
10.75354545
14.00118428
11.059855
12.88361687
11.68795552
11.86195829
12.24356734
12.06355401
10.20120121
10.16116768
10.21693567
10.79910086
16.00308587
16.73737501
12.56258692
14.74667259
13.21231131
12.17292844
12.58096632
13.15283493
13.87310298
14.55186958
14.93814299
18.27345189
13.8927492
15.25510812
14.85000715
16.48839234
13.95582516
13.25667118
11.929659
12.02639636
10.99504538
10.94786894
10.90411569
13.33150465
18.47958843
18.66879999
14.90605774
17.11290193
16.86563456
15.95481115
16.17100622
16.43537972
16.87534166
17.20583918
17.36960912
19.70839794
13.92717328
15.24823495
12.69118697
15.60896294
14.58709418
12.03162002
10.19677954
9.241419401
9.192306428
9.803031079
9.605104882
10.69999786
16.01892398
18.18431979
13.3664282
15.5943497
15.53111385
13.31110099
12.83474278
12.89659296
12.52499968
12.75103192
12.10864232
17.39238225
11.97554051
12.73510085
10.66228165
10.12521252
8.566350599
8.40324817
8.303926617
7.566156249
7.04753383
7.221789197
7.733742771
7.459181896
12.91927034
14.55026321
11.29736565
10.27329858
11.27942223
9.360904432
9.348469717
9.697931026
9.963687208
10.54517497
10.60089673
11.10499071
8.965047724
9.497357574
7.237614515
8.038308629
6.835693513
6.131074594
7.448429758
6.583620279
5.903997763
5.723229053
5.720596247
6.647087917
10.56303778
12.3708323
10.27253992
10.04486622
10.77646678
10.3557988
10.77673494
11.47849697
12.60258294
12.985487
13.32345171
14.00540269
11.52755839
12.27062006
12.44254815
10.52308195
9.563674983
9.969735888
10.40680416
9.621721356
9.777391972
10.06268711
9.791854769
9.660318627
11.72717876
15.29371604
14.74177526
14.51114615
15.30412635
15.27750445
15.63951654
15.97452205
16.6557172
16.95965198
16.64799009
18.75160822
13.00133921
13.77910236
15.35395993
17.98868464
14.56022272
12.88328603
10.40326161
10.2675829
9.411332989
10.49547857
10.22991903
12.22905169
16.98220841
18.17544672
15.50878104
16.19359772
15.80065925
15.79733938
15.61129258
15.61704771
15.80044004
15.96991148
16.14888038
20.08132684
13.8146169
13.55481956
13.13460699
12.54605506
9.218994797
7.543918224
5.845178074
6.897386984
6.068406413
6.043182251
6.129289629
7.336521376
13.54206498
15.25771368
11.47414074
13.48732783
13.91734431
13.72781808
13.57273824
13.6587938
13.57504239
13.98152559
14.20907736
18.9045167
13.23002832
14.40103874
10.88562806
11.11571839
7.798782344
5.822842732
6.973710916
7.49824452
10.77724957
12.7799717
10.60707516
11.99994356
16.47356077
18.92545517
14.23894449
14.77754665
14.68914733
14.01101235
14.02230155
13.84057837
13.92234538
14.61224957
14.35784808
18.77863676
12.77083776
11.9395395
9.807006166
13.64078687
13.19798742
13.02648696
12.08241971
12.01663687
11.37416257
11.53655522
11.91707922
13.22614747
18.0058233
19.14389229
14.45802174
16.10036783
15.82918529
14.43971347
14.51932356
14.79560285
14.98414506
15.24352005
15.57244167
18.31727877
13.7706648
12.81645008
11.44340069
15.57391347
15.41823399
14.74024089
14.83882409
13.3566282
13.87936696
12.50598211
12.9621553
12.5620294
17.62537875
19.64491916
14.1189608
16.70309331
15.3162594
14.03118706
14.00652267
14.09659668
14.22669489
14.27286722
14.32751699
14.51434593
14.74582774
9.966196312
10.43882535
12.8737381
12.05005405
12.52874714
12.03413339
12.67535787
11.25734473
11.11703237
11.02784027
12.13599177
16.38288088
16.4956887
13.0822668
14.03167921
14.67229839
14.6155973
14.23102389
14.16182715
14.18438164
14.33653501
14.17238227
14.47066862
11.33459992
10.98905297
11.52778351
9.878719462
9.816012636
9.854989528
9.772999058
10.10738131
9.845081431
11.42987671
9.283221841
9.347327153
11.31047502
14.02184475
14.62230558
15.32180698
14.73679393
14.84685339
14.79121238
14.9925406
14.98596221
15.01114733
15.33556714
17.28072536
14.03584771
12.1037514
11.90634433
15.04171564
13.82099406
14.02963718
13.28639222
13.14585956
12.82622133
12.84980139
11.91298566
12.41178397
17.27868639
18.70462973
13.08850428
14.05724902
14.17696701
12.73933528
12.71275937
12.82275368
13.71360854
14.06333782
14.31061426
16.51106961
15.30180996
12.99350472
11.40483862
13.46632576
12.29039045
11.5873446
12.0785575
11.32505972
10.92798303
11.71911849
11.61528067
11.87646964
16.88890983
17.83597867
14.35977417
15.71542614
15.05319445
14.1491445
13.69921057
13.65923534
13.86592525
14.61772204
14.96548385
20.13853331
15.00888879
14.3712841
12.65617271
14.59418683
13.59460232
14.68864713
12.14718875
12.80412725
11.24787661
12.4749523
12.85395895
13.80202514
18.78966299
19.89955037
16.69862357
17.72892963
17.18298601
15.78503624
15.91122072
15.71175166
15.83827491
15.9722284
16.48513974
19.47745008
17.49708838
17.1885346
12.38880715
16.53734522
14.68443986
14.37972058
15.23602795
13.06338075
12.07686982
12.96569256
12.06036531
12.91229562
19.37534877
22.81720424
16.34554882
18.76135732
18.43320727
17.75000335
17.7147467
18.23327217
18.76760775
18.99883671
19.35682435
24.81961267
20.49457007
19.79261866
14.66339496
15.89927524
12.51471578
11.09439185
10.09629327
10.68163275
12.46300957
11.90934971
11.94777877
12.27895111
18.49107878
21.52495894
17.93097077
16.38011671
17.23716524
15.50459967
15.17556101
15.28410806
15.45173588
15.64507259
16.12291888
16.74374845
14.87794148
13.02432848
12.18029511
13.85678294
11.5230393
9.957534961
10.99533648
10.59601258
9.805329712
10.84365216
9.675920723
11.10611906
15.29545235
17.97521275
14.48003526
15.06714142
15.55486647
15.65900832
15.82318767
16.24969149
16.56146492
17.05803596
17.68077027
17.4191806
13.66953164
11.5373688
12.40940946
10.2055811
8.968643671
6.957600185
7.883062409
9.165803985
8.501617131
9.782452391
7.595281753
8.725480105
10.90401709
13.64007768
14.25678297
15.68133401
15.21183497
14.56870754
14.57274285
14.71688727
14.96922649
15.20403597
15.31882811
17.74217208
13.47626483
12.42998212
11.56061532
15.76387584
13.32702953
13.36198999
13.29017069
12.50907831
12.12947914
12.74457424
13.33361559
12.61940261
17.29556277
19.54673627
14.72923055
16.11899016
17.01219226
14.60151827
14.68031208
14.81657951
14.99610539
15.30440159
15.57861679
18.11791659
12.70284395
11.5013185
10.24402739
14.8459446
12.70757051
10.97599042
9.46928866
9.007195821
9.524027539
10.2458931
10.67368158
11.34581716
16.71719993
17.20361887
14.4658751
15.3985748
16.42938493
14.98497358
15.27620945
15.07292967
15.2957027
15.79453065
16.40163361
21.47955253
16.04448557
16.98298538
11.40765056
13.24969873
10.42750837
8.497389359
8.030342565
8.08265227
7.92909179
8.306610491
8.209540185
11.40868197
17.19395459
19.2783266
14.36177472
16.2848344
16.40236577
15.15549775
15.63835508
15.85660957
16.44757516
17.10251518
17.16989782
20.70298685
18.88400898
14.38728224
11.40960613
12.90604189
9.948085441
8.617386427
8.631703884
7.94274231
9.090136161
9.841307315
9.47859105
9.620738102
15.7247664
18.7987207
14.85126416
15.99948455
16.05098369
14.69552367
15.27229552
15.7037899
16.1945811
16.45272479
16.9343306
19.21187382
13.09583423
10.91179986
10.43770301
12.92680346
8.822701194
8.365376479
7.529515441
7.038443595
7.406605225
7.798666986
8.618285804
9.390673145
15.78463672
17.22106585
13.35152802
14.81602535
15.4856518
15.08104406
15.21185385
15.71244094
16.0780069
16.26473095
16.88227085
17.17537271
18.51310223
14.80193286
12.6674484
16.19379072
14.58252094
13.54287026
14.30561999
12.67868983
12.27183954
12.90345176
11.32101278
11.80989864
16.61601495
17.77477575
12.26998194
14.60208622
14.45176855
15.06612963
15.26978898
15.83036984
16.4733255
16.65877163
16.5572497
17.63567022
13.80618466
9.831576538
9.378939474
9.465279316
9.217120752
8.342860748
7.151070211
7.126585049
7.483962997
7.248057129
7.202488281
8.055054859
10.77202392
13.95155327
16.27064609
15.64223449
16.51203406
16.34508766
16.44125628
16.85695363
17.03643333
17.43406633
17.56465172
21.75942143
15.3693167
12.66487003
10.65640086
12.04095113
9.7785199
8.348668064
8.182094581
7.487921336
8.3064307
8.663383425
9.171873816
10.45274463
15.29856462
18.77103872
14.2946831
16.63212957
15.55289017
14.67394553
15.02023398
15.69860336
16.10434932
16.10214939
16.54842945
18.9720464
14.0238718
13.28339966
9.078905689
9.667495638
6.646099976
6.185277486
5.58608847
5.338438623
5.532166077
5.961826254
5.209608283
6.997459073
12.17737233
15.61512764
11.93632274
11.9764482
12.31515856
11.2668549
10.70496932
11.08265574
11.03494728
11.21329491
11.42365388
14.77933759
9.290562709
9.47611301
7.757037502
11.72349885
10.30723054
10.3354971
10.30594013
9.60633804
9.642969877
10.425938
11.79228555
11.89255257
15.85553388
17.66089707
14.64260365
14.9412147
14.50297099
13.115291
13.39770425
13.646867
14.03970063
14.32984836
14.71813388
18.43787315
16.39370383
15.31675542
10.36183443
12.90875004
11.20338245
10.69359686
11.47443208
10.25047858
10.61687524
9.583254579
9.809758778
10.21172723
16.24777333
16.4118159
12.43661637
12.77492455
12.87993995
11.26765766
11.44827234
11.47832952
11.74564562
12.01597176
12.11836385
13.78721395
12.17097761
12.43110317
9.148259334
10.76091186
8.530277227
8.985176388
8.681343736
8.619952663
8.579599228
8.475321528
8.584338392
10.5587263
14.60737364
16.16029961
14.13266032
13.91319564
14.31399096
12.82940812
13.51610997
13.73534867
14.27362677
14.42532491
14.89671896
14.83113156
17.45969134
11.6778632
10.15586427
10.30102991
6.734792454
5.841426609
4.659799169
5.192886199
6.501637931
5.503147166
5.477884158
5.344332
9.351848848
11.16574568
8.804544025
8.99642602
8.881103722
9.903174826
10.3639327
9.904271894
10.0693414
10.5368958
10.50968405
10.53469
8.053510096
6.567074524
6.280556242
5.486619762
5.43483201
6.536620196
6.597541525
6.327815928
6.165420253
5.567874256
6.849827934
6.503165502
8.827582641
10.69626302
10.02145615
10.55464109
11.10667056
10.5853747
10.84475889
11.1365546
11.40360212
11.71704723
12.02174834
13.66332034
9.098793491
9.144394729
7.807851701
10.57282135
10.67949391
10.28843181
8.757829249
7.575573142
7.72734244
8.453607886
7.791238521
8.839036675
13.99272909
15.16788588
11.49615452
11.61301885
12.69840717
12.60272835
12.64656759
12.83334859
13.57864955
13.77372503
13.79562892
15.42945432
12.15625788
13.17006104
7.206774897
6.416354747
3.022020785
2.50201282
2.271836418
2.347877719
2.081002321
3.213487776
1.53495492
3.469807803
8.329584523
11.57751075
10.29696812
11.41412719
11.75589429
11.5634505
11.31281921
11.8775582
12.81972055
13.20714729
13.90105382
17.43438911
18.27693777
14.09052324
9.134654373
9.800420302
8.334655537
7.487633136
4.868090136
4.187604764
4.313529866
5.868863363
6.68731562
9.580529333
15.33054673
14.75701497
11.93766804
13.73344866
13.64174068
12.47743373
11.26433085
11.0744602
10.93871599
11.0024271
11.1719527
12.76161944
8.63427982
10.4723939
9.071619164
12.11057735
9.208811517
9.662930425
9.840673773
9.097848913
8.832284469
8.023638882
8.196146814
8.851570973
12.10242904
15.27339564
9.977639668
10.68467383
10.76743042
10.05933874
10.34308022
10.66875751
10.73867168
10.78050558
10.96298906
13.82513283
12.91973057
11.4105169
8.12798677
10.38396071
9.230628595
9.917393845
12.75062559
12.52887863
10.96950081
11.08564416
9.231561925
10.26739634
17.85401431
18.99301819
14.68697128
15.41835124
15.73111998
14.63407431
14.3837029
15.13813584
14.97404828
14.87752645
15.18172454
15.86986429
13.50089014
13.5857262
11.35066893
13.44848203
11.88277482
11.0676841
10.14376058
10.05279837
9.643044401
8.948051647
9.966760109
10.82966564
16.18327688
16.43904853
13.36481845
15.21142327
15.47113119
14.67630177
15.33202153
15.63582196
15.98010774
15.98924339
16.08516065
17.31743394
15.0303739
11.02261508
9.8137791
8.563858968
8.098609491
7.888909919
7.578372012
7.095107923
7.271057929
7.435575858
8.401956226
7.935053652
10.48612732
13.30543332
12.63525799
13.5222074
13.53559355
13.85658644
14.36343947
14.30523204
14.43919544
14.85872712
14.79470242
17.00801457
11.03343519
10.56696524
8.99339075
12.1596917
9.824247099
10.64556993
13.32099001
10.60195221
10.73334632
9.526081523
9.832733713
9.412028763
15.33746512
17.51565784
12.38729066
14.86488873
15.34481575
14.71290788
13.56308311
13.71218797
13.72667693
13.97062065
14.14337956
17.96951772
16.30722167
14.90509693
10.10133277
14.22459196
11.71481313
12.08539346
11.94224059
11.29534502
10.39046392
11.30523084
10.72725986
11.23683037
16.0898041
17.92387815
12.47865219
13.9336949
14.0923656
13.42756659
13.20466752
13.43313331
14.00215121
14.21368774
14.47296631
19.461155
12.50681315
11.37418084
9.918770133
15.47617395
12.23784673
12.9619558
13.06099842
11.57295092
11.30270116
11.41961812
10.9083795
11.11561519
16.64849052
17.21928016
13.5815279
14.63953292
15.25357202
13.65214029
13.61582772
13.91488424
14.03647198
14.1790347
14.28785724
18.66147646
11.41093757
11.20600371
10.26574096
13.16934717
11.77205695
11.95182983
12.07584467
11.19453797
11.40924007
11.10665114
10.16531991
9.794730202
14.74692387
15.99781206
12.42711311
13.15103311
13.11302298
12.01336695
11.6989938
11.87003573
12.12357065
12.34853313
12.73857514
15.57803463
12.81341252
9.909115139
6.107933622
9.409677293
6.292819439
4.620854302
5.115507707
5.301310484
5.721690407
6.065409504
4.875728859
5.398842038
11.40887479
14.42263072
11.17985128
11.02281339
11.44136619
10.91819723
11.54982709
12.1189018
12.90766512
13.38919135
13.65136839
14.48489684
11.48069437
8.852830156
5.43282371
4.749377991
3.018200579
2.277829982
1.177123301
2.701520223
2.684314667
2.06690095
2.188040434
1.562053573
5.030422696
8.174942694
7.076585281
7.968059155
8.96589353
10.05521246
10.21513122
10.55983505
11.00352933
12.80021147
11.90846743
12.80233298
9.607530701
8.37388061
5.889325961
4.236811222
2.867387562
2.48059372
1.512485274
1.826429648
2.132163567
2.657460763
2.29259117
2.748328336
6.040585171
7.263803868
8.752760935
10.00252086
10.75631726
11.53524168
11.40199987
12.04151056
12.26663833
12.71596866
12.57787163
14.32198059
9.90989223
8.518194874
6.203676885
3.164894247
2.30954687
1.823929088
1.863597345
2.173761555
1.444165122
2.619191957
1.981101648
1.45949336
8.301078091
12.42829497
11.53498304
11.52444781
12.7376025
12.21805579
10.93293469
11.1826881
11.24550079
11.19089066
11.4376538
12.77323683
10.00978496
8.425894143
5.440507889
6.639349299
4.444512479
4.260580438
2.730012853
3.004944702
3.729799401
9.459038857
8.851331921
9.148827187
13.59078245
16.89073823
11.52968205
13.47218419
12.42256115
11.92953954
11.97929873
12.45891792
12.80067676
12.50433789
12.29036447
15.92597256
14.86132648
9.260428445
7.664406633
9.655256792
7.593675598
8.042464299
7.616831557
6.944446487
5.97131283
5.003791376
7.314271644
6.868531067
12.6109094
12.42246408
12.44700101
11.62085169
11.82942915
11.70441322
11.20183435
11.48521857
11.63859256
11.7070231
12.02277649
13.86709971
13.79421684
13.17332619
8.266325352
7.397354254
5.050060014
4.51495801
6.078980937
3.07671814
3.599470588
4.314828459
4.265240035
4.590216859
8.151445043
10.58601081
7.353094644
9.587815288
9.38492967
8.463029318
8.881460639
9.6674262
10.23115857
10.63361637
11.14167871
13.00444672
8.748880189
8.486193417
5.79773124
3.25001846
2.21061776
2.310124821
2.443336367
1.815738084
1.515050705
1.447911783
1.69636736
1.078425407
5.675057997
9.355076534
8.361711702
9.744711956
10.49704986
10.552037
11.15458822
11.59140481
11.99009083
12.59510695
12.89894986
13.49304335
10.52731357
10.03989121
4.650836651
3.117295778
1.938262862
2.401938645
2.30530523
1.705258498
1.747838094
1.544603408
1.634271655
1.578971942
4.568384276
9.241427919
8.199315209
8.712426971
10.60701307
10.21202933
10.84463778
11.18052479
12.20282051
12.8732384
13.9025282
15.69584737
14.62464456
12.36748986
10.26270222
10.45981474
8.986434037
7.85309519
8.026356038
7.764210613
7.119987184
7.119892967
6.821095807
6.714322578
10.0821678
11.11788303
11.32950356
12.53986506
12.57444533
12.87055322
12.7371086
13.62606539
14.04873097
14.69883794
15.03474609
17.24265442
10.96846918
10.06483174
8.224088684
9.62380987
7.336629038
6.736611836
6.284293668
5.305745446
5.112242342
4.928489943
5.339311887
5.036191323
10.79177871
12.52923198
10.48484164
11.64572193
12.40006617
11.94550281
12.26724282
12.61255209
13.24847249
13.86201376
14.28107351
16.22632579
10.63356089
11.03673458
7.425214956
7.026962966
5.530863072
4.779419985
4.474276379
3.62458453
5.600670106
3.313188286
2.827085619
3.123708866
6.912481643
9.981014809
8.72668899
9.480559609
9.838840097
9.90767849
9.773544686
10.31520525
10.78460473
11.3008493
12.01061613
14.21935928
10.72564297
6.818041513
5.278978018
2.701271068
1.374508545
1.61025681
1.745658542
1.607298508
1.221983207
1.394781479
1.696850782
1.002362529
3.861501077
6.557361203
7.507564471
7.00393166
8.670257048
8.883819241
9.584544601
9.889527373
10.18612361
10.2647867
10.54508776
14.16249488
11.12501
11.54605499
5.091711629
3.343530334
4.10685564
5.8592594
6.95807607
7.372824687
5.627119728
6.539846118
5.463475794
5.851666039
11.29348483
12.78532504
10.65390638
11.27143659
11.2057528
11.48627833
11.73457972
12.20046533
12.83224824
13.80885985
14.16459942
15.9825257
12.61150167
12.1510966
6.104871182
4.603478624
3.026665782
2.951723127
1.477565002
2.602944847
2.314534415
1.945751137
2.45502101
1.785998421
5.132058758
8.386606864
7.404768327
10.29404138
9.547036738
9.588117589
10.09367948
10.27219989
10.36768313
10.69536257
10.99053263
11.17409789
8.614845696
5.703087649
4.553054558
3.733478851
2.304946688
2.647477423
1.003267822
1.17313858
1.663106246
2.289144874
1.352680166
1.276348422
5.116961728
7.981637417
8.132697114
8.510090943
8.73802498
9.565805952
10.14049196
10.65925579
11.12842754
11.42650481
11.37667756
12.05783069
12.26523199
11.8978185
5.276657794
4.606960395
4.3103333
4.486603788
3.871035156
4.869463041
4.470963947
5.309556101
4.188269958
3.940949521
7.954317444
9.009920256
10.14049419
12.62930917
11.14193323
12.31021333
12.36333556
12.58413533
13.34751904
14.00298354
14.39678901
16.59594185
10.68443541
10.80858921
8.295971636
11.87019138
9.448365608
7.407133129
8.351855158
10.44704094
9.31743198
8.414452433
7.398952271
7.785498319
13.82986442
15.83799983
12.53208567
12.94616637
13.4524242
13.25843995
13.08904882
13.29313154
13.95175437
14.34451081
14.7692931
16.26689666
10.54199754
9.636820763
8.714807748
12.26965591
10.15914399
9.053931668
7.309599378
6.584573917
7.348318115
6.752965793
6.809337578
6.863037642
12.36002101
13.98002374
11.73808718
12.06919223
11.2484291
10.60762843
10.59315146
11.16369054
11.45556154
11.7148318
12.31733741
17.54890181
12.33365022
9.572995322
6.132626524
5.047816409
3.633298732
2.291835229
1.993209102
2.191527307
2.015990479
3.057666869
3.830230241
2.418452584
6.5036101
9.388321783
9.394422134
8.350662033
9.09414001
9.693882361
10.14589214
10.6798684
11.01480483
11.3041787
11.88762699
14.22328971
12.25412047
13.79938406
6.71132087
6.023579512
3.656253845
3.299143067
2.639857489
2.321486328
2.415637183
2.547193375
3.619671917
2.827679131
7.43156022
10.61761697
9.397485062
10.16994818
11.40090756
10.89835341
10.74808416
11.35142829
11.73767219
12.23465171
13.79356973
19.22784086
17.10957251
11.60636555
7.103673215
5.708035539
3.643833811
2.528195693
3.032797652
2.625976123
2.014854415
1.449986053
2.254448183
1.873598707
7.765260383
9.634264741
8.860925212
9.466717713
9.971368297
10.94523641
10.8037738
11.48604334
12.05485811
12.46929338
12.91814855
17.22865004
16.16109538
10.54534978
9.662488949
11.04518315
9.218941611
9.056151353
9.595354554
8.267362145
6.816406417
6.513435742
5.990232509
7.051519565
12.15955514
13.57203539
10.34568059
12.35423642
12.05776526
12.36363119
13.30749406
13.97141488
14.6881054
14.84603619
15.4460567
17.47572857
13.19841
10.72483599
8.038861522
4.430721498
3.68507823
3.06798508
2.819948567
3.268170544
3.052000753
2.359696788
1.820861273
1.608821321
5.062177864
7.06795578
8.299477915
8.828821109
9.417206865
10.11624829
10.31217841
10.7306652
11.11436401
11.19670424
12.20919184
14.62071161
9.537508008
8.374380503
4.679738482
1.57518187
1.729289995
3.082239617
2.424851222
2.028957801
1.755440181
1.849716611
1.96654288
1.409681748
1.943633971
6.1371941
5.732581298
8.388636476
9.499379121
9.286958823
9.688547768
10.63995287
11.07077724
11.83256059
12.22333092
16.2152559
15.9315764
10.36673433
7.513946905
9.494182295
9.070619564
10.35497393
9.478336211
7.860514339
6.669952264
5.20439883
4.454333519
5.678449657
11.20035432
11.56077494
10.2363653
11.58953218
12.0336084
11.34536476
11.38872817
11.53767585
11.68964979
12.01800024
12.12109374
15.68518593
9.950765993
10.51346533
7.752955684
9.623360083
8.291564157
9.16720534
10.15065756
9.249306352
8.50767487
7.046312558
6.919502598
6.627194135
11.58661414
13.73023388
10.20371293
11.18873193
11.59308615
11.96136488
12.81420246
13.56100722
13.93540966
14.4903806
15.06092156
17.14500314
12.07974948
9.688282856
6.271050108
5.313495869
3.708535878
3.74154647
3.982586352
4.171706895
3.478114229
3.292064859
2.387937161
3.5266627
8.38762461
12.04080591
8.951599968
11.16517632
11.54667099
11.3948303
11.89392188
12.26008195
12.8559313
13.57866035
13.69017092
15.74974723
11.59981173
8.751325583
5.968701451
2.898783913
3.415501283
2.644378684
2.168029808
2.561678876
3.098508853
2.226657227
1.100121572
1.54859692
4.793154007
9.45608441
9.233475481
8.548791993
9.544400282
10.28943354
10.55512802
10.85784289
11.32537879
11.38199823
11.74300138
13.14861192
10.86298562
6.263300106
3.67453412
1.706709503
1.613785728
1.393503694
1.436198081
1.510923468
2.683839164
2.453608314
3.620022991
5.404464913
8.292494464
10.60316266
8.692009169
8.910717698
9.163899944
9.703842567
10.1763588
10.69859505
10.9510248
11.14159197
11.34300999
11.68088651
7.346625854
5.032123658
3.875969583
2.120653676
1.737378734
2.393501148
1.533996361
0.997158813
1.149729004
1.14467182
1.944911421
2.86585473
5.32716123
7.781866209
9.399732759
7.963971621
9.775615729
8.573121841
8.717075273
8.797249754
9.005580244
9.364808642
9.457188677
11.48776276
9.886759322
7.697963255
6.143038838
5.910917915
4.020754164
5.384740884
5.157930685
5.928968046
7.020649912
6.391198207
8.628559958
8.207522073
12.1654461
13.69118283
10.91215157
11.20611613
11.33392447
10.59818767
10.94184799
11.14860295
11.40427995
11.46605834
11.5662469
13.16074915
14.45121329
12.14349919
8.358033454
5.705145731
2.4397247
3.265780341
4.219575228
3.501200983
2.937793428
2.943671697
3.563292864
5.081636842
8.559296097
10.45866804
9.150635062
8.987507013
9.515994748
9.942488661
9.534809341
9.708084049
10.33460555
10.4560414
10.47981352
12.77806364
10.51749959
9.244530813
7.585276137
7.336411683
4.087195194
2.659356686
2.60535058
3.247206697
2.150583609
4.108713986
2.494744463
2.246000153
7.302593965
12.64664277
9.779053916
10.46603345
11.40630774
10.97686105
10.78682281
10.78474286
11.07528418
11.25462992
11.40262167
15.36239573
10.04554611
7.285963971
3.549510473
1.668969288
1.886187494
1.806099465
1.404171343
1.238474739
1.826688543
0.88296698
1.623817469
1.14610652
2.894415624
6.249265595
5.326523412
6.216238335
7.088467239
6.679807711
6.024972084
6.991757401
7.857157536
8.896424778
9.012026218
10.29811843
7.406857993
10.20856435
6.272975143
5.654149068
4.311666669
2.948790133
2.677417662
2.2282468
2.550103478
1.773984925
2.576083362
2.609979879
5.55726106
9.166918414
7.81667934
7.985991429
7.558238319
7.568982112
7.569724193
7.494287403
7.771413189
7.995227184
8.639147108
11.96833003
7.872577491
5.246222472
3.243063965
2.576393287
2.052948635
2.26960549
1.413236391
1.146446093
0.848140025
1.370999115
0.674150567
1.096828693
1.816318919
3.791384743
5.295309608
5.865501079
6.878316513
7.110859939
0
0
0
0
0
0
0
3.078938
1.575022
1.29195
1.341863
2.43611
0.872875
0.423733
0.411082
1.417615
0.930345
1.528416
0.531571
3.854482
1.874146
0.615457
0.912238
1.106757
0
0
0
0
0
1.419949
1.23021
1.885801
1.724461
1.844352
1.038014
0.884719
0.721913
1.407339
1.579095
1.747332
0.456565
0.422333
0.753374
1.220551
1.587481
0.759784
0.490657
0.603857
0
0
0
0.169252
0
1.879707
3.991503
2.225437
0
0.759833
0.666621
0.267743
0.505729
0.812568
0.018702
0.909588
0.802175
0.297774
1.029104
1.285661
0.638626
0.848123
0.54191
0.118746
0
0
0
0
0
0
2.723272
3.573428
2.600618
0
0.416003
0.565228
1.334358
1.252285
1.17577
0.887782
1.366253
1.113837
1.337935
3.32624
0.5199
2.000055
0.980458
0.35834
0
0
0
0
0
1.238627
0.175825
2.203496
0.50962
0.352607
0.726235
0.216882
0.488531
0.75459
0.817252
0.744374
0.177612
0.773197
1.16996
1.396443
1.432176
1.16947
0.804696
0
0
0
0
0.197975
0
1.48345
6.7126
9.636925
1.708403
0.5643
0.551964
0.797249
0.406336
0.260586
0.730331
0.315424
1.476533
1.187685
0.647545
1.852353
0.961125
0.753824
0.522149
0.788402
0
0
0
0
0
0
1.308087
0.499204
0.477725
0
0
0
0.312725
1.987298
0.901434
1.111881
1.180439
0.904191
0.52044
1.755491
0.63265
1.03064
0.156392
0.931572
0.256237
0
0
0
0
0.851613
0
1.788113
1.982556
1.842036
2.074588
0.901192
1.796489
1.51764
0.835713
0.225711
0.628567
0.118061
0
1.423948
0.611651
0.288461
0.436488
0.238197
0
0
0.270593
0
0
0
0
1.262375
1.367114
2.083522
1.50816
1.707696
0.268789
1.406505
1.181215
1.322954
1.172941
1.165444
1.406424
0.211352
2.741234
1.447305
1.459399
0.851132
0
0
0
0
0
0.343014
4.454619
3.930612
1.703041
0.39617
0.145341
0.488528
0.43236
0.143294
0
0.525802
0.654805
0.434334
0.24104
0
0.620243
0.305924
0.132657
0
0
0
0
0
0
0
1.668644
3.892612
0.823687
0.528624
0
0
0.377141
0.475838
0.163213
0.560641
1.046467
1.075404
0.856533
3.271346
0.825775
1.410938
0.530657
0.623245
0
0
0
0
0
0
2.990936
4.349776
1.928538
0.704263
0
0.145801
0
0.215469
1.990667
1.090978
1.028617
0.74569
0.898933
1.255243
1.260036
0.696433
1.168887
0.361547
0
0
0
0
0
2.081585
1.664655
5.567033
1.447905
0.820661
1.441421
0.831888
0.915533
1.023303
0.260744
0.230958
0.901657
1.150837
0.788403
0.974474
1.440934
0.988794
1.211538
0.582242
0
0.043131
0
0
0
0
3.794544
4.608319
2.134594
0.200898
0.131199
0
0.520432
0.152795
0.035366
1.41341
0.371804
0.394785
0.492098
1.362891
2.226527
1.793701
0.261458
0.016108
0
0
0
0
0
0
0
5.131644
0.627309
0.629303
1.062633
2.282663
1.579559
0.09397
0.698664
2.214977
1.014527
0.628885
2.032115
0.613232
1.62154
1.409416
0.852104
0.41979
0.27356
0
0
0
0
0.64843
2.856835
4.084071
0.517841
1.231243
1.240982
0.972309
2.150438
0.689685
0.892324
1.516309
0.982052
0.386816
0.479046
0.935693
0.82159
0.459349
0.15799
0
0
0.036885
0.128681
0
0
0.958619
3.482839
1.768324
2.15104
0.278663
0
0.72038
0.458943
0.101326
0.148108
0.123482
1.74368
0.791594
1.40806
0.873714
0.807752
0.098248
1.243486
0.889655
0
0
0
0
0
1.697559
5.008896
4.779385
1.391235
0.893465
0.964045
1.024405
0.582994
0.554524
0
0
0.577652
0
0.115379
2.289672
1.834149
0.709216
0.696838
0.597323
0
0
0
0
0
0
3.986684
4.71069
0.443873
1.778504
0.694211
0.826086
0.662243
0.716012
0.622889
0.482728
1.331903
1.571167
1.157123
0.783879
1.922304
0.767172
0.287252
0.518825
0
0
0
0
0
0
4.029175
4.193161
0.676306
0.417973
0.101192
0.824609
0
0.140309
1.151475
0
0.239516
0.762889
0.819266
1.089414
0.976931
1.024944
0.667708
0
0
0
0
0
0
0.860998
8.714985
6.020807
2.81299
0.66325
0.57277
1.233544
1.240936
2.239265
0.873985
1.026083
0.208482
2.168869
0.831484
0.395251
0.561193
1.073865
0.220742
0.388963
0
0
0
0
0
0
1.647166
0.941565
0.596327
0.595269
0.201054
1.870273
0.58765
1.060135
1.082977
2.133542
0.672282
0.652836
0.385105
1.403675
0.962933
0.203533
0.348418
0.215824
0
0
0
0
0
0
0
2.790772
2.062319
1.549125
1.121082
0.162433
0.991542
0.984412
0.668635
1.120956
0.867647
0.683892
1.046279
0
1.249929
0.677591
0.576323
1.25161
0
0
0
0
0
0
0.767275
1.849458
1.429038
1.509593
0.664903
0.815166
0.606179
0.872147
0.303309
1.14314
0.489101
0.585262
0.986126
1.82999
2.41381
0.620425
0.114552
0.303881
0
0
0
0
0
1.268085
5.967289
4.988489
1.821138
0.883977
0.64479
0.705509
0.238722
0.208082
1.22553
0.767476
1.363502
2.167447
0.14431
0.724936
0.725958
0.311139
0.477841
0
0
0
0
0
0
0
0.45736
1.790009
1.66542
0.861009
0.395045
1.996256
0.607824
0.523233
1.550711
0.547179
0.865239
0.504366
1.327426
1.281364
1.697256
0.928896
1.189627
0.942891
0
0
0
0
0.06272
2.302116
3.71375
1.805793
0.876392
0.467324
0.062326
0.863882
0.387101
0
0.455923
0
1.70914
0.913478
1.654117
0.760895
1.553981
0.323335
0.91672
0.188596
0
0
0
0
0
0
3.034219
2.405967
3.196865
0.867261
1.354723
0.652461
0.855762
0.611217
0.585812
0.491327
0.525593
0.764889
1.322934
1.076156
0.756401
0.980238
1.194586
0
0.059062
0
0
0
0
0
1.852186
0.679638
1.002807
0.556323
2.272427
1.502073
1.046323
0.985393
0.679332
0.81507
2.64077
0.922521
1.759978
1.433322
0.901424
0.722562
0.53612
0.660168
0.309543
0
0
0
0
1.349266
0.353877
1.798206
0.132738
1.187467
1.061009
0.637611
0.709439
0.655237
0.162572
0.090813
0
1.01978
0.54775
1.557557
0
0.796535
0
0.193253
0
0
0
0.079828
0
0
0.75153
2.363986
2.196601
1.314051
0.300512
0.340298
0.074911
0.402011
0.38141
1.0572
0.353082
0.317216
0.919976
2.100903
0.808692
0.596377
0.437101
0
0
0
0
0
0
0.556899
1.406077
1.963686
0.789701
0.389751
0
0
0.423397
0.521844
0.520922
0.674252
0.983006
1.264108
0.814958
1.09458
1.574962
0.22176
1.216701
0.05786
0
0
0
0
0.29539
2.286392
6.837545
3.172631
1.822524
0.307556
0.391602
0
0.466262
0.130282
0
0.205856
0.415379
0
0.868141
1.588005
1.55844
0.922649
0.664902
0.115858
0
0
0
0
0
0.499172
0.334679
1.448538
3.269893
0.349474
0.873936
0
1.00267
1.00727
1.603288
0.885758
1.290296
0.966485
1.426106
1.725523
1.147469
0.94224
0.800076
0.863074
0
0
0
0
0
0.518719
3.687981
3.917468
0.67324
0.86896
0.6419
0.941769
0.779553
0.234251
0.565609
0
0.945575
0.962939
0.279393
0.457031
0.911117
1.068611
0.466065
0.272799
0
0
0
0
0
2.438405
3.435346
1.504463
4.722458
1.127577
1.323224
1.168381
0.851494
0.540412
1.973044
1.039226
1.847034
1.481149
1.311494
1.738909
0.572662
1.794105
1.063146
0.357414
1.211396
0
0
0
0
0
0
0
0.64529
0.475403
1.313443
1.071773
0.983331
0.991844
1.041304
0.43238
0.739691
0.932639
0.287817
1.113837
0.964002
0.477178
0.687458
0.589024
0.427859
0
0
0
0
1.083342
4.910703
2.429463
1.11085
1.062145
0.538262
0.770308
1.419941
0.700694
1.054808
1.611728
0
0.485562
0.559026
1.517109
2.056378
0.905256
0.28403
0.604413
0
0
0
0
0
0
0.371394
5.433427
2.368468
0.674655
0
0.962374
1.068195
0
0.179745
0.161461
1.674152
0.308773
0.736775
1.383615
1.786025
0.5213
1.109217
0.076687
0
0
0
0
0
0.772825
3.57514
6.298803
2.320719
0.707364
0
1.0526
0.211654
0.941426
0
0.146772
0.45711
0.513808
1.034481
0.684766
1.408607
0.527482
0.863728
0.248635
0.462644
0
0
0
0.385144
2.391628
1.433059
4.679124
1.410372
0.421544
0.097414
0.965024
0.930147
0
0.718388
0.567519
0.290257
0.53052
0
0.889931
0.885908
0.830994
0.382811
0.161634
0
0
0
0
0
1.180704
2.849553
1.980916
1.949214
0.924938
0.357068
0.364517
1.197825
0.061979
0.103178
1.407682
0.513955
0.570018
0.582758
1.826334
1.283729
0.491536
1.426889
0.421257
0
0
0
0
0
0
3.784777
1.249259
0.756653
0.455918
0.466404
0.188317
2.346842
1.425901
1.356845
2.021053
1.466761
0.687695
1.443071
2.324921
0.559264
0
1.155069
0.33363
0
0
0
0
0
2.137774
2.195098
4.335426
2.576817
1.835545
0.849901
1.665306
1.932509
1.263832
1.120142
0.81425
0.555567
0.720688
1.431433
1.063808
0.656567
1.123334
0.045099
0
0
0
0
0
0
0.354738
4.241702
4.645487
3.20993
1.577543
0.127219
0
0.981014
0.514109
0.441058
0.614591
0.860894
1.126572
0.369739
1.966434
1.008753
1.046228
0.382414
0
0
0
0.163974
0
0
0
0.348385
2.27125
1.553875
0.727798
0.222172
0.610212
1.703272
0.771862
0
0.258711
0.178278
0.897703
0.639948
0.215509
1.254942
0.108962
0.106548
0.510775
0.363941
0
0
0
0.428766
3.095826
4.133738
3.587522
0.923276
0.251184
0.401272
0
0.133641
0.140412
0.418756
0.944101
0.905423
0.796155
0.902439
1.072224
1.773202
1.146181
0.594343
0.192784
0
0
0
0
0
0.22608
5.302768
2.253482
2.059221
1.552667
0.694353
0
0
0.135276
0.262199
0.303812
0.909893
0.36781
1.407786
0.745374
0
0.057642
0.650122
0.552043
0
0
0.330546
0
0
0.423417
1.428767
4.175319
1.431526
1.114689
0.614415
0.302124
0.190327
0.88685
0.923267
1.635724
0.347934
0.394716
1.144651
1.198528
1.843538
0.918202
1.094865
0.151698
0.352142
0.008286
0
0.020684
0
0
0
2.747949
1.708843
1.475955
0.328457
1.09763
0.244476
1.267605
0.475638
0.701034
0.711411
0.738495
1.466351
2.278843
1.526735
0.930914
1.19463
0.494376
0
0
0
0
0
0
0.523788
2.281946
2.125926
1.947519
1.040633
0.654023
1.099016
1.255205
0.277824
0.10748
0.803447
0.820939
1.348316
1.132947
2.59902
0.495334
0.378352
0.391362
0.120353
0
0
0
0
0.272578
1.836219
4.832698
2.123821
0.832579
0.585193
0.695127
0.070988
0.258738
0.608427
0.116657
0.872622
1.233104
0.621097
0.433066
0
1.184711
0.347223
0.724002
0.367853
0
0
0
0
2.512271
4.483096
2.320048
1.021294
0.385429
0.378836
1.684537
0.668974
0.708749
0.707333
0.375011
0.852325
1.087727
0.431007
0.918684
1.725595
1.32661
0.384399
0.188836
0
0
0
0
0
0
1.311212
4.904624
0.622441
0.185329
0.250385
0
0.398041
0
0.228971
0.950812
0.869326
0.55873
1.007065
1.211728
1.323899
0.920754
0.402877
0.136146
0
0
0
0
0.589525
0.731129
4.267107
6.359127
1.595252
0.740678
0.630145
1.06161
0.689885
0.33879
0.939074
0.653257
1.437581
0.859315
0.961797
1.546925
1.608656
1.225066
0.611678
0.365437
0
0
0
0
0
0
2.872911
1.161735
1.956966
1.06364
0.579329
0.048935
0.504058
0.156288
0.271447
0.969154
0.45529
0.670867
0.282659
0.760305
1.351722
1.115371
0
0.262812
0
0
0
0.096074
0.190998
0
0
1.18713
0.441058
1.700128
0.431451
0.451008
0.934138
0.149734
0.634325
0.664469
1.5415
0.882257
0.934903
2.904526
0.216811
0.137031
0.492271
0.810186
0.163604
0
0
0
0
0
3.428053
0.508835
0.998058
0.402858
0.356805
0.195702
0.163675
0.425928
0.438272
0.561931
0.443599
1.401068
1.10714
1.481239
0.802123
0.5266
0.964382
0.319705
0
0
0
0
0
3.451467
0.437567
2.68561
0.992984
1.287426
0.923383
0.332505
0
0.666995
0.243139
1.029018
0.970261
0.512083
0.837897
1.893495
1.0205
1.157996
0.570452
0.321365
0
0
0
0
0
0
1.143006
2.411149
1.978641
0.853693
0.120206
0.420758
0.485393
0.523346
0.311811
0.604799
0.961984
0.762602
0.778128
1.183286
1.068886
0.845967
0.897914
0.336267
0
0.273721
0.335471
0
0
1.31645
3.604654
1.376418
3.403961
0.761289
0.841185
0.294354
0.06871
0.24438
1.261807
1.339098
1.321022
0.292463
0.077973
1.332461
1.531047
1.33061
0.210837
0.705482
0
0
0
0
0
0.786105
5.498788
3.886154
1.196013
0.519952
0.229906
0.315679
1.370017
0.462079
0.297155
0.454903
0.790024
0.6494
0.674473
0.973988
1.475046
0.302041
0.079062
0.057818
0
0
0
0
0
0
1.076364
1.55021
1.577068
1.022163
0.418312
0.314829
0
0.080421
0.088046
1.276832
0.514349
0.812621
0.482381
1.942286
0.359327
1.113608
1.191046
0.231824
0
0
0
0
0
0.606854
1.370008
2.478841
1.896913
1.318348
1.149175
1.852123
1.477182
1.761639
1.278401
1.594256
1.426941
1.364715
0.602498
1.730166
0.343109
1.19733
0.991897
0.774416
0
0
0
0
0
0.295784
1.687031
0.846592
0.255743
0.822347
0.953138
0.41991
0
1.263778
1.117432
1.089154
1.017714
0.373212
0.394956
1.13203
0.142813
0.615868
0
0.023039
0
0
0
0
0
0
0
3.335731
1.075036
0
0.129346
0.307719
0.564879
0.984724
0.428894
0.39419
0.652267
0.82914
0.804334
1.612453
2.444307
1.325265
0.623726
0.974647
0.061044
0
0.66766
0
0
0.898514
1.090074
4.672937
2.456044
0.887606
0.411139
0.227819
0.89369
1.139153
0.061447
0.326517
0.038533
0.403131
0.602509
1.099813
0.64804
1.089845
1.229203
0.428877
0.143537
0
0
0
0.011927
2.803161
2.795382
3.916874
2.462412
1.320776
0.435806
0.385816
0.984644
1.039095
0.750985
1.031618
0.417781
0.595131
0.302716
0.304233
1.206613
1.22748
1.120874
0
0
0.085774
0
0
0
0
1.400058
4.397021
1.744719
1.431531
0.685421
0.47024
0.791894
0.464886
0
0.642373
0.874901
0.891646
0.795864
0.475798
2.001628
2.41772
1.016132
0.276135
0
0
0
0
0
0.2141
1.878762
4.878244
1.256556
0.98318
0.730768
1.198272
1.08176
0
0.570208
1.29475
1.449361
0.633733
0.603289
2.823365
1.173388
0.097481
0.731156
0.072903
0
0.002451
0
0
0.126863
1.61594
1.075766
1.829853
0.308978
0.637106
0.737322
0.928857
1.247149
1.607766
1.043528
1.373949
1.126479
1.56858
0.230251
1.723877
2.8682
0.432081
0.957002
0.07092
0.331776
0
0
0
0.098246
0.546966
2.271065
4.088785
2.337155
0.08728
0.958484
2.186523
0.830233
1.537508
0.539662
1.083422
0.682845
0.364683
0.422253
0.918541
0.887471
0.826129
1.225041
0.522783
0
0
0
0
0.36012
0.97156
3.028537
2.548493
1.460962
1.156841
0.587487
2.130585
0.252406
0.204055
0
0
0.499948
0
0.983903
0.72181
1.67764
0.308856
0.759313
0.76026
0
0
0
0.163207
0
0
1.832109
2.795917
2.229819
0.817815
0.601581
0.759858
0.411312
0.495924
0.396952
0.779734
0.508563
0.859197
1.494882
0.357925
1.219801
0.276178
0.365937
0.536756
0.269256
0
0
0
0
1.712067
0.441259
0
0.085596
0.349432
0.572477
0.014714
0.159905
0.314276
0.222896
0.181402
0.336066
0.164714
0.268639
0.809517
1.209743
1.151818
0.660395
0.33043
0
0
0
0
0
1.525469
1.057429
6.386836
1.397593
0.376928
0.117219
0.594696
0.442798
0.400167
0.468143
0.429005
0
0
0.590356
1.258059
0.157383
1.111987
1.66889
0
0
0
0
0
0
0
1.887508
2.725707
1.503427
0.68195
0.70709
0.856466
0
0.695643
0
0.217059
0.221407
0.1431
1.112622
1.099998
0.785672
1.655521
0.258941
0
0
0
0
0
0.208283
0.813528
2.459403
0
3.058788
1.158363
0.853103
0.567141
0.835321
1.036498
1.254819
2.063517
0.301469
0.52719
0.617744
0.624574
1.372427
0.544709
1.176516
0
0
0
0
0
0
0.111396
0.121278
1.442971
1.153494
1.854151
0.801694
0.965691
0.280429
0
0
0.596326
0.516419
0.319121
0.019468
1.118566
0.941496
0.774958
0.33458
1.217448
0
0
0
0
0
0
1.974992
2.292998
0.939092
0.701025
0.668063
0.391501
2.856306
0.177281
0.526748
0.749145
0
0.736176
0.824263
1.459153
1.166469
0.203935
0.151907
0.358152
0
0
0
0
0
0.228796
0.978053
2.451946
1.363367
0
0.706033
0.257335
1.350171
0
0.376591
1.108685
0.833092
1.091698
0.356086
0.47494
0.715195
0.719397
1.106628
0.248579
0
0
0
0
0
1.028729
1.445676
3.252238
0.941569
0.574667
0
0.217531
0
0.079154
0.620355
0.285936
1.063526
0.504718
1.271939
0.882288
1.325201
0.562593
0.329199
0
0
0
0
0
0.310906
3.605456
7.744293
1.990206
1.257299
0.660872
0.279302
0.662444
0.422207
1.538465
0.836302
0.244787
0.573101
0
1.150243
1.227302
1.070519
0.822687
0.640342
0.702504
0
0
0
0
0
0
2.256733
2.51372
1.656313
0.510626
0.360943
1.674179
1.47358
1.064083
0.107581
0.358801
0.719128
0.268252
0.063212
0.707888
0.988433
0.683077
0.129507
0.092015
0
0
0
0
0
1.295441
0
0.758505
0.542925
1.342922
0.850516
0.950723
1.177247
0.497856
0
0.432687
1.433604
1.30432
0.467563
1.385817
2.303049
2.167495
0
0.37371
0.305624
0
0
0
0
0
2.250726
4.692337
1.226402
0.44888
0.237594
1.318662
2.970777
1.77219
0.827087
1.04554
1.18791
0.585241
1.286678
0.615156
1.299951
1.565496
0.424039
0
0.3414
0
0
0
0
1.050746
2.597262
2.910626
2.319961
0.836328
0.112259
0.889771
0.820873
0.777665
0.598415
0.655006
0.678636
1.138957
0.388134
0.801733
1.275091
0.795949
0.366277
0
0
0
0
0
0
0
1.108139
1.500171
2.353265
0.131527
1.56727
1.519737
0.549369
0.62547
0.378374
0.187774
0.688304
1.700286
1.181566
1.392101
0.395869
0.324784
1.354827
0.375161
0
0
0
0
0
0.194496
3.184427
2.567317
0.713154
0.892106
0.746094
0.230978
0.934149
0
0.736955
1.123799
0.653062
0.795137
0.139821
0.585201
1.208425
0.563272
0.303201
1.197795
0
0
0
0
0.2917
3.107316
3.746952
4.753602
2.763775
0.413568
0.344434
0
0.309844
0.268265
0.167012
0.095125
0.72513
0.495084
0.893495
1.37116
0.676629
0.885146
0.743123
1.067022
0.097455
0
0
0
0.158334
0
0.918191
1.862786
0.858969
0.3341
0.807713
0.151155
0.833373
0.270403
0.552673
0.362371
1.054767
0.81754
0.622327
1.370866
1.052387
0.63726
0.828111
0
0
0
0
0
0
1.842611
3.194957
2.232352
3.100082
1.504863
0.292685
1.002256
0.821341
0
0.395077
0.246299
1.609706
0.684821
0.124345
0.375896
0.112484
0.117496
0.174375
0.776202
0
0
0
0.045214
0
0
0.841595
0.740025
0.337055
1.572973
1.070543
2.338429
1.670447
1.468245
1.311458
0.672909
1.349858
0.400225
0.561496
1.021082
0.281414
1.144382
0.17101
0.511525
0
0
0
0.217534
0.387538
2.340981
5.454827
4.108156
0.440074
0.196556
0.33298
0.461777
0
0.778715
0
0.880838
0.693218
0.647779
0
1.200764
1.550316
0.629455
1.131177
0.004102
0
0
0
0
0
0
2.91414
3.747392
1.482285
0.306242
0
0.552059
0.432121
0.398751
0.087174
0.125313
0.22062
0.957774
1.034532
2.497657
0.50037
0.707682
0.876195
0
0
0
0
0
0
1.441375
7.094708
4.656686
2.229218
0.232422
0.397867
0
0.730237
0.727702
0.574999
0.660458
0.257247
0.187551
0.544687
1.917716
2.527052
0.830959
1.5953
0.024624
0.415141
0
0
0
0.255009
2.183468
5.812703
4.524268
0.951525
0.317215
0.124786
0.726966
0.341873
0
0.599071
0.438228
0.644307
0.482933
0.235952
1.367398
1.433934
0.623233
0.427795
0.210994
0
0
0
0
0.854835
1.746557
1.987507
1.363404
0.68442
1.462579
0.669712
0.581085
1.132391
0.275188
0.441511
0.467143
0.797812
0.496318
0.360787
1.460598
1.11284
0.260434
0.724973
0.276852
0
0
0
0.074038
0
0
1.319693
0.852284
1.369609
0.579919
0.295585
1.68274
1.301478
0.699402
1.138852
1.369223
1.133175
0.621688
0.689922
0.897186
2.974256
1.074294
0.366007
0.081218
0
0
0.015463
0
0
0
0
1.170026
0.354909
1.122345
0.974632
1.639496
1.446384
0.505644
0.705173
0.344318
0.170259
0.36847
0.431862
0.462174
0.957487
0.735439
0.8328
0.817548
0
0
0
0
0
0.483175
0
0.801332
0
0
0
0
0.355617
1.90207
0.425177
0.705386
0.900138
1.131502
0.804985
0.439414
1.212727
0.618433
1.065672
0.196266
0.378064
0
0.127768
0
0
0
1.560389
3.300534
1.324623
0.94444
0.807569
0.516851
1.613115
0.266299
1.253128
1.835184
0.634378
0.435521
1.016234
0.970772
2.152154
0.905397
0.377715
0.108016
0
0
0
0
0.519656
0.34586
7.291638
5.980514
2.294351
0.378149
0.763518
0.259778
0.347242
0.184441
0.668413
0.587222
0.343917
1.093627
0.154295
2.786912
0.916651
0.258846
0.390326
0.577321
0
0
0
0
0
1.005053
0.737278
0.775391
0.307282
0.394289
0.419787
0.359693
1.086259
0.010869
0.711522
0
0.305908
0.324966
0.339918
1.443665
1.132343
1.048766
0.698245
0
0.199248
0
0
0
0
3.491186
3.859081
1.32061
0.646827
0.464099
0.289098
0.529307
0
0.89921
0.032089
0.37217
0.72897
0.561233
1.402218
0.502333
1.062366
1.815452
1.713024
1.318234
0
0
0
0
0
0
0
0
0.558207
1.050171
2.328434
0.33302
0.684988
0.734914
0.170208
0.709753
0.153341
0.376359
1.471653
2.132948
0.481353
0.762531
0.955719
0.484373
0
0
0
0
0
0
0.333426
1.117145
1.669332
0.339545
0.639835
0.795465
0.846205
0
0.072654
0.067237
0.987153
1.291116
0.675924
1.650931
0.951716
0.520844
1.806775
0.530385
0
0
0
0
0
0
1.3454
3.957951
2.09956
0.86031
0.53013
0.496776
1.073423
0.433266
0.67068
0.376838
0
0.582998
0.346974
0.379738
0.392559
1.030139
0.145418
0.132426
0
0
0
0
0
0
2.688484
1.874399
1.433295
0.643207
0.354739
0
0
0.198128
0.210053
0.186262
1.237583
0.529138
0.625541
1.179493
0.948876
0.321924
0.850556
0.83575
0
0
0
0
0.518749
1.536535
3.237109
5.427931
1.238751
0.334552
0.482925
0.262172
0.55207
0.575274
0.803726
0.502961
0.764805
0.527232
0.55659
0.264315
1.376378
1.918281
0.497305
0.216925
0.263488
0.003482
0
0
0
0
2.706263
3.190156
0.588342
0.289543
0
0.170126
0.095237
0.362561
0
1.248164
0.95964
0.190698
0.573586
2.058874
1.756441
0.720125
0.691049
0.540248
0
0
0
0
0
0.643319
2.773526
4.341269
1.584645
0.05525
0.349825
0.734008
0.659318
0
0.800403
0
0.412716
0
1.145234
1.3715
0.938904
0.676692
1.214857
0.80043
0.250281
0
0
0
0
0
0.784138
2.100342
2.269528
0.635997
0.445726
0.71616
0.823846
1.20792
0.234866
0.994603
1.61325
0.636967
1.080815
1.107137
0.391047
0.724603
0.673824
0.299355
0
0
0
0
0
0.954493
2.202913
0.649929
1.721491
2.205068
0.740608
1.496345
1.643205
0.324748
0.5637
0.26894
0.875369
0.318206
1.712023
1.328874
0.629708
0.664761
0.842551
0.833367
0
0
0
0
0
0.514823
4.66769
5.400915
0.941751
0.585363
0.926605
0.592304
0.864133
0.259764
0.500411
0.704762
1.489526
1.009569
0.766952
2.513448
1.588506
0.694117
1.105048
0.280123
0
0
0
0
0
0.648391
4.380827
6.318154
1.982324
0.589263
0.526717
0.211264
0.336609
0.423609
0.576161
1.749825
2.083651
1.007718
0.350519
2.499208
1.693243
0.972112
0.661111
0.276747
0
0.289281
0.249454
0
0
0.377033
0
3.08131
1.301745
0.453292
0
0.774791
0.4105
0.156006
1.103599
0.461407
0.801744
0.427619
0.929127
1.38675
0.905493
1.409484
0.638255
0.160027
0
0
0
0
0
0.495771
4.739632
5.248403
0.875987
0.60336
0.181994
0.571408
0.129038
0.299302
0.341038
0.536275
0
0.417908
1.224562
3.199689
0.565972
1.331963
1.415338
0.165021
0
0
0
0
0
1.346826
0.95786
1.414017
1.978032
0.426087
0.778289
0
0.739345
0.529319
0.619952
0.670334
1.206774
0.709571
0.61807
0.775127
1.847162
0.797475
0.824932
0
0
0
0
0
0
0
3.815248
2.639234
1.815862
1.017053
0.942371
0.526258
1.177843
0.504885
1.430137
0.89985
0.602908
0.678396
0.976679
1.4253
1.166306
0.701544
0.828564
0.205028
0.139712
0
0
0
0
0
0
1.32048
1.59847
0.768716
1.390743
1.668465
0.748526
1.354128
0.159937
1.509631
2.093231
0.393196
0.918152
1.576115
1.235412
1.023292
1.825585
0.691789
0
0
0
0
0
1.599095
7.745304
7.370971
2.333071
1.381429
0.479277
1.764964
1.054597
0.799889
0.266903
0.46751
0.537038
0.845379
0.885514
0.708994
1.420794
0.858386
0.555964
0
0
0
0
0
0
0.482842
4.199651
2.290446
1.835959
0.823156
0
0.39114
0.14515
0.11132
0.506543
0.459857
0.861427
0.975572
0.465417
1.538918
0.255693
0.419403
0.748758
0
0
0
0
0
0.318265
2.314895
1.968194
4.226512
2.264983
1.177966
0.376476
0.497905
0
0.59414
0.270777
0.286323
0.543025
1.216787
0.394562
1.011794
0.708909
0.39747
1.898134
0.21075
0
0
0
0
0
1.183305
0
1.333523
2.219932
1.195432
0.203051
0.081441
1.254951
0.313592
0.344084
0.233253
0.934239
0.674217
0.845187
1.23836
0.193049
1.502401
0.802899
1.007834
0
0
0
0
0
2.102947
5.216301
3.785534
0.843796
0.488332
0.317598
0.095079
0.613034
0.666318
0.745861
0.302801
1.150142
0.775644
1.019026
0
1.216888
0.879164
0.371632
0.452322
0
0.010498
0.289085
0
0
1.076347
0.971237
0.591781
1.802757
1.415821
1.858704
1.676123
1.256564
1.453357
0.244656
1.076377
0.343264
0.546677
0.286912
2.057761
0.5977
0.878383
1.6236
0.246444
0
0
0
0
0.066434
0.311221
0.151217
1.495648
0.1598
1.856107
0.980247
0.230917
2.962772
1.530062
0.316989
1.833828
0.959339
0.930826
0.492006
0.463885
0.786997
0.546477
1.004499
0.214244
0
0
0
0
0
0.279834
0.276198
0.33993
1.366562
0.210959
0
0
1.012468
0.709426
0.563641
0.442661
1.022109
0.83342
0.549532
1.4944
0.518401
0.529964
0.72221
0.280347
0.371232
0
0
0
0
0
0.222171
1.40662
2.501049
0.414296
0.37328
1.0953
0.306936
0.507323
0
0.57439
0.152693
0.938978
0.86274
0.121887
0.75946
0.540102
0.304485
0.259159
0
0
0
0
0
0
2.492651
2.240441
1.410984
0.253921
0.648531
0.217923
0.505638
1.052723
0.561778
1.016199
1.011415
0.119372
0.969778
1.291947
1.230317
1.474405
0.443852
0.772116
0
0
0
0
0
0.217456
2.881622
4.004759
1.5089
1.343504
0
0.546064
0.150777
0.303505
0.426618
0.684564
0.2238
1.681367
1.986874
1.532832
1.106897
0.477056
1.543544
1.010685
0
0
0
0.160448
0.371745
3.852809
3.595933
2.869093
1.970621
0.560482
0.364625
0.617344
0.16372
0
0.668053
0.858761
0
0.690039
0
2.441387
0.704344
0.891459
0.027825
0.257075
0.254457
0.022622
0
0
0
0
0.581973
1.679914
0.893084
2.139094
1.346502
1.257322
1.935295
0.089536
0.608123
0.691908
0.914198
0.708284
0.753131
1.941785
0.770022
0.856129
1.112913
0.535973
0
0
0.352025
0.22857
0
0.787605
2.968503
3.070041
1.506072
2.025627
0.686374
1.216
0.895505
0.67195
0.605255
1.141253
0.615738
1.085396
0.404189
1.611757
1.852924
0.549741
0.717543
0.28215
0
0
0
0
0
1.48444
3.620321
2.884248
1.140805
0
0
0.769839
0.570972
0.258478
0.771655
0.877994
0.984454
0.973594
1.139569
0.509222
1.766543
1.389341
0.732837
0
0
0
0
0
0.03633
2.166929
2.102524
0.973414
1.550885
0.431911
0.383267
0.906704
0.592943
0.622464
1.332675
0.225408
0.889618
1.102303
0
1.183442
1.352617
0.745997
1.279982
0.917049
0
0
0
0
0
1.002309
5.985924
5.722243
2.040178
0.900069
0.505332
0
0.436818
0
0
0.453197
0
1.208357
1.222072
0.871561
1.281916
1.66744
0
0.194809
0.249814
0
0
0
0.195011
0.555071
0.339822
4.388854
3.064845
0.890763
0.418308
0.518754
1.911934
0.326805
1.012255
0.444499
0.943847
0.461729
0.913223
1.445653
1.114201
0.46127
0.732871
0.56949
0
0
0
0
0
0
0.180051
0.88888
0.68924
0.160507
0
0
0
0
0.147742
0.18176
0.184027
0.37148
0.449475
2.107562
1.601985
1.734315
0.383631
0.575558
0.169562
0
0
0
0
0.791759
2.853326
1.232922
0.214923
1.10266
0.443492
0
0.137604
0.369342
0
1.442304
0.761812
0
0.514071
1.474402
0.288668
0.614318
0.452295
0.443977
0.060115
0.014971
0.312189
0
0.075497
0
0.505667
2.950399
0.83115
1.815933
1.221329
1.298568
1.406401
0.386203
1.075548
1.25048
1.16554
0.596281
0.293499
2.856505
0.952759
0.599536
0.562168
0.534337
0
0
0
0
0.159428
0.360003
3.986747
1.458838
1.716921
0.8093
0.430417
0.221168
0
0.203094
0.819251
0.653087
0.581367
0.421964
1.777234
0.93625
1.918954
0.65156
0.21435
0.050928
0
0
0
0
0
0
2.751765
2.235465
1.960553
0.247094
0.882153
0.217411
0.212469
1.568864
0.315006
0.017967
0.445648
0.297262
0.227455
0.237779
0.868646
2.050125
0.658307
0.241384
0
0
0
0
0
1.777777
4.660739
3.039629
1.505816
0.145052
0
0.145277
1.340564
0.747322
0.068595
0.791893
0.714729
0.712484
0.6658
0.735117
1.025225
2.038793
0.11599
0.406672
0
0
0
0
0
1.167914
3.633189
5.944196
1.630827
1.349581
0.265577
0.103934
0.658521
0.214842
0.25402
0.219897
0.240089
0.395132
1.025186
0.750818
1.964908
1.680154
0.939424
0.427117
0
0
0
0
0
0.147724
2.487932
3.047878
1.224138
0.50493
0.114476
0.127956
0.530695
0.988101
0.771825
1.592643
0.708034
0.69694
0.956999
0.678134
0.722255
1.05696
0.637748
0.612538
0
0
0
0
0
0
0.292882
0.367577
1.130095
1.420452
1.360796
1.890549
1.170938
1.106398
0.951714
0.863642
0.652264
1.492115
0.679337
1.134762
0.457702
0.807711
0.784292
0.047971
0
0
0
0
0
0
0.232446
0.228219
1.420468
0.840218
0.469349
1.338571
0.574504
0.403501
0.570369
0.488616
1.103166
0
0.851941
0.739122
1.8294
0.610382
0.788017
0
0
0
0
0
0
0.136875
1.514749
2.941949
2.907118
0.740825
2.018539
1.049749
0.631111
0
0.509813
1.888543
1.230916
1.009918
1.43523
0.952187
1.567223
0.905546
0.856939
0.290054
0.486724
0
0
0
0
0.466676
2.435887
2.273209
2.295365
0.318394
0.039563
0.581503
0.697583
1.273103
0.485936
0.812428
1.604402
0.523779
1.215513
0.925356
1.545752
0.915494
1.498979
0.309044
0
0
0
0
0
1.676587
3.630855
5.080171
2.394386
1.073742
0.745617
0.441338
1.811856
0.05005
0.254154
1.114104
0.838956
0.325789
0.410889
0.967761
0.598417
1.204716
0.486155
0
0
0
0
0
0
0.892214
2.930313
3.022667
1.798553
0.235389
0.275277
0.203923
0.25513
0.000311
0.389417
0.113348
0.444681
0.649301
0.307176
0.789442
1.917275
0.481902
0.475422
9.885628084
9.994246286
10.07625923
9.918019409
9.873227633
9.901975424
10.47403704
10.03231735
7.085273661
5.025555023
6.456202056
4.102574184
5.260846257
4.870056807
4.408229553
4.489865121
4.311987203
6.092960629
6.062066055
9.362274061
9.693837779
7.981352359
8.284125422
8.058512281
8.029533175
8.314922852
8.38921158
8.54584481
8.645640133
8.612642609
8.495488783
6.115605957
6.649745335
6.961009388
5.994332094
3.918421001
1.990919223
2.371781001
3.389188634
3.85584558
3.96794278
5.172210929
5.041604333
6.574822849
6.916936145
8.394268436
7.530130965
7.645694586
8.560236082
8.100569353
8.266684328
8.420451031
9.138807515
8.660602303
10.53407683
8.620519027
5.4905865
6.591851345
5.09257289
4.872586637
2.70570431
2.083522655
1.35113428
1.692789388
2.52983969
2.117002648
2.90025508
4.060752386
7.232165696
6.674786666
7.035355203
6.604266719
6.288474934
6.11416386
6.50584234
6.994464664
7.095032673
7.077853935
8.482955845
6.430170716
8.560299138
7.351478046
5.576204328
3.906727077
4.076353773
2.351149483
2.138466542
1.715722871
2.489817418
1.58373344
3.453119974
8.338233027
13.04009411
9.527816818
11.91050899
11.40937968
10.87720084
10.09781079
10.1291192
10.45381439
11.14414908
11.73601513
14.31125293
14.46006792
10.85655467
8.059419103
6.197458635
3.100030474
2.984572232
1.702848875
2.504277226
1.978876825
3.216315086
3.305787174
5.970856921
10.15497005
13.96050325
11.68947209
12.19428901
12.29435014
12.36240705
12.5509541
13.14624829
13.75931558
13.74890454
14.3062608
16.1848718
13.26687688
11.36719356
6.56387838
4.658695721
2.935250423
1.619983816
1.257313909
1.212384795
2.286653993
2.864673954
2.02523081
3.61556575
9.235913767
12.0872067
9.537564311
11.49119316
12.13809424
11.27096607
11.60247521
11.68255256
12.32128124
12.09408839
12.51572689
16.50742697
13.03954368
11.80123446
5.708878357
4.252168904
1.909684572
1.463337476
1.580676256
1.316794706
1.279781954
3.353577652
1.918399483
3.401055116
6.998858372
10.18349589
8.852838907
11.48066615
11.30284854
11.42798768
10.81236348
11.03631191
11.46521248
11.46510531
11.7175106
12.59243319
13.06420704
9.831302819
8.266887392
5.090752381
4.046762833
2.874960058
2.539158325
3.445387161
3.213024032
3.90059889
3.7326892
4.793702925
8.375208628
10.85773343
8.54525483
9.383358164
9.323162055
9.651462504
10.45961577
10.18317677
10.13172626
10.94848596
10.36921906
10.83737454
8.770126651
7.630026774
7.12180673
6.906405635
5.584568714
4.610769381
5.759797617
4.871891156
5.304922219
4.987611077
4.522459494
5.780063299
7.980595753
9.470522564
9.516772044
10.29760046
9.729215511
9.500009161
9.758515453
9.77716119
9.795455935
9.882151389
9.855630444
12.28908285
11.8876172
8.880383058
7.494630401
6.056546676
4.787500738
4.005724024
4.204167625
3.089664794
2.927444238
3.428115818
4.42290009
4.929244135
9.594641456
11.37314615
10.00724411
10.41423375
10.28891676
10.73474505
10.97234376
11.2149435
11.42374607
11.67307753
11.98067472
13.5832493
8.902488235
7.539891
5.418702238
5.360652804
3.122838365
2.310338978
3.806377661
2.421907538
2.951995081
4.665318956
4.577838671
6.623699494
10.4744617
12.13807141
9.099508604
10.0427005
10.33870999
9.258788836
9.369294296
9.321672569
9.269138903
9.368914558
9.326871179
10.58814791
8.077946316
9.149206941
6.835591205
7.195970008
6.625513725
5.943765199
6.156686367
5.165939148
5.061818683
5.228636041
4.95214296
6.052137791
9.200895625
10.99435634
7.632019109
9.025614551
9.650127845
9.610284303
10.03136223
10.40501835
10.80250082
10.76510519
11.12691543
12.96397687
11.15536774
9.830280029
6.782493692
7.622217583
4.977383209
2.692571703
3.025453288
2.338873832
3.146770338
3.00694227
3.229982052
6.679625598
10.92258807
13.20575482
10.99288179
12.41757923
12.60498881
12.40636466
12.56521195
12.91151343
13.28088943
13.47873759
13.55851905
15.58457776
12.32742608
11.24551435
5.964709801
5.137210001
3.465326912
1.50855321
1.258538458
0.970861008
1.962930137
2.045797157
2.705869802
4.477501402
8.682863257
11.16541043
9.222143671
10.16002713
10.33007463
11.07186166
11.07304023
11.59824813
11.35629716
11.21884298
11.72694092
11.38662753
8.614168852
7.466143577
5.331238309
2.486863771
1.219804625
0.874720337
2.387678563
1.255021316
1.752796669
1.059842903
1.492383218
1.974857287
4.587882053
8.462094306
6.086376942
6.213188495
7.676837141
8.177954134
8.88414278
9.341023323
9.795070091
10.07683998
10.33504201
10.59313499
8.594981461
8.40540741
6.584740226
3.76757848
1.776854135
2.564649983
1.617265253
1.217955479
0.845807312
1.434049452
1.245250684
2.085896789
4.865937882
6.424050404
5.81347924
6.946437585
7.201297873
8.024305652
7.834127346
8.514678738
9.134915077
8.957577457
8.872796276
10.55869975
7.379448415
6.801013824
4.871470264
4.518844573
5.25944209
6.811968052
4.718912419
4.92556891
6.165119033
7.599690763
10.10751586
10.59217312
15.50292541
17.72756169
13.09164623
14.00321085
14.24718452
13.25094332
12.91366162
13.01493342
13.59091229
13.69209634
13.9082854
17.28349425
13.37794927
11.56040371
8.289486532
8.927657598
8.007542629
8.913553644
8.594116925
6.066701816
5.637862974
7.191745464
8.292273038
9.737058566
15.71127321
14.88873106
12.49634793
12.23846731
12.55228762
12.18475871
11.41021623
11.50308979
11.79787905
12.42635896
12.38483798
13.89064525
11.63984072
10.25389096
7.17882916
8.956501718
7.725096348
8.754077939
7.983145931
8.775950594
7.951178286
8.247770666
8.878919732
9.164671265
14.51501733
14.72270014
13.12584129
12.70798507
13.36973477
12.76772184
12.77405944
13.1380806
13.41385021
13.67083435
13.79874544
15.58005312
12.5834072
12.89740447
10.17853223
12.78439996
11.47873218
11.17566955
10.66245312
9.23092287
8.900647768
8.986098909
10.02107483
10.2331488
16.21821038
15.83340711
11.96458889
13.87471103
13.68650263
13.02911242
11.90808629
12.33442987
12.07708594
12.31984362
12.97480756
14.1285242
8.909014339
13.74392227
8.920600202
8.939394906
6.341851196
7.540165001
6.240926147
5.891986104
5.989691828
6.160802145
6.064775907
7.32480212
10.56025771
12.80894994
8.564377963
9.138075105
9.208670104
8.286002381
7.924469595
7.967573446
7.835197207
7.737042038
7.763319655
10.65627388
9.846796265
6.868594781
4.44132666
5.566087428
5.485549852
4.769952865
5.210153667
4.151845566
4.114040206
4.310203468
4.139041082
4.987107601
8.781032639
11.49844797
9.304102245
9.016434503
8.387188596
8.89788789
7.835045981
7.716399647
7.956566978
7.978354868
8.03780834
9.252571574
9.17099745
6.529464423
6.884354928
5.169815426
4.720856099
5.325212592
6.433538922
6.633586481
5.421234947
5.869355407
5.890714775
6.147604835
7.406260536
7.84901651
8.447089178
8.995092079
10.80689554
10.2419666
9.988013275
10.16395646
10.54664564
11.64792099
13.04878167
15.22702728
10.22291707
9.259405973
9.10376542
13.47063529
12.39524732
10.73426524
9.860320593
9.290257884
8.285594892
10.03312004
10.77993721
11.58586124
15.30489679
15.53659933
11.90738265
10.27998879
9.593992954
9.436732879
9.949273449
9.793414625
9.663664782
9.967693937
10.0736907
11.94120266
10.85200002
9.87021082
8.798403759
8.836253178
9.699415492
9.771831087
10.24897621
8.572623696
6.751753229
8.173015827
8.353921225
12.69717408
18.36822314
17.92944572
13.32864548
13.54467503
13.8198982
12.59385597
12.69520037
12.38251497
12.51786423
12.5934356
12.70291248
16.14706551
10.98931052
10.40148439
9.395018445
11.2291014
10.19163484
10.27043665
11.31020294
11.68209624
10.03236561
10.1881006
10.34597434
10.44356988
14.57341037
15.32978486
12.93678238
13.9552212
13.22704991
12.93488116
12.61763146
13.03491819
13.42921449
13.43827497
13.53223356
16.02264537
11.49085825
12.19077947
9.262248802
11.25191965
8.965781598
8.424524744
8.656315056
7.943778768
6.955939831
7.744832398
7.778030134
7.613959323
11.04228243
13.45020986
10.85108021
10.68464254
10.06889951
8.641374485
8.782073724
8.77612646
8.406197843
8.568454752
8.71245094
9.680365108
7.755499269
7.15670517
5.618648191
5.370430695
5.209447306
5.984179388
5.087158179
7.461854987
6.95383703
7.2078315
6.497569386
6.911455707
14.25510329
15.41599541
10.43019459
10.57001821
10.26853768
9.879937834
9.650851089
9.825521822
10.10365513
10.47251579
10.73671193
11.5024329
14.63895455
9.316517766
8.683763543
9.631917823
10.20691541
10.27515355
10.0418324
10.1548802
10.72911186
10.27821247
11.18055898
10.7453496
14.65636209
14.37010877
11.45272984
13.29589317
11.63045301
11.87322611
11.63765304
12.13468148
12.28339765
12.59645571
12.56407105
12.84586712
9.573305817
8.152857048
7.486555801
7.634880863
7.661732129
7.712552353
9.615084772
9.302489257
8.257608983
8.699868353
8.551133703
9.043557391
11.06983125
12.62585478
13.87269584
14.14106681
14.05108482
14.04241913
14.06532759
13.94640583
14.42436049
14.17492122
14.59477406
16.99381536
11.55477491
9.829457868
9.553045446
12.9936138
12.35531581
12.15646577
12.43762327
11.55445164
11.17806098
12.03748043
10.90371259
10.54218949
14.56087257
16.18306381
11.97842362
12.30085114
11.89871518
11.23377285
11.39971919
11.67354349
11.95975399
12.08101407
12.93354001
14.85671144
10.41749204
10.37904462
8.805016883
11.08544119
8.202790044
7.817258169
8.809177374
9.828234604
8.629589251
9.561158497
11.19410226
11.18738043
15.23382125
15.49492135
11.80660647
11.95736045
11.95800798
10.59636207
10.37351772
10.20213589
10.02960727
9.497749371
9.231413838
11.63943483
11.03741987
9.834909702
6.208618943
7.657858292
7.643008688
7.323450101
5.961946165
6.393427677
6.25118652
7.505458289
7.508136187
9.72045768
12.8946896
13.73866478
11.1792787
11.22845516
10.07553551
9.174070093
8.885020298
9.066679525
9.081723002
9.018368145
9.052159464
12.6477992
10.46414798
11.99036171
6.749811575
8.420254085
7.889845685
8.15593901
7.726994227
7.423010178
7.738423008
8.3905109
6.607045684
7.175945658
11.23448232
12.52575845
8.859424638
9.693608464
9.481507807
8.938954703
8.994062342
9.019557678
9.143482073
9.139396784
9.162512184
11.19859506
11.30263835
10.57412424
6.567465677
8.773962956
8.651184548
7.779745701
7.417819588
6.762396429
8.088167425
7.861487018
7.634379521
7.906570101
12.05646574
13.87619128
10.90420736
10.18590907
10.52516497
8.67524061
8.888935091
8.742616535
8.66508334
9.001619688
9.476891779
9.437203894
11.02406918
10.48814675
8.06027029
7.825419384
6.401286811
6.562113882
6.936595575
7.344904907
7.145997826
7.904210183
9.604611813
8.775435909
12.11003005
13.65328718
11.17406523
10.14282474
10.57461605
9.467625893
9.431568661
10.00153541
10.9669372
10.74789699
11.27352497
11.18234655
9.704196376
12.34575345
10.15419355
10.63566797
9.251299553
9.802930705
8.617877156
8.351184987
8.366426705
8.395232711
8.014391667
8.817833465
11.63988584
10.76821626
12.42295799
12.88234986
13.47420432
13.93380383
13.29384178
12.96716284
12.5387184
12.29291923
12.29545086
13.67196
10.06583428
10.35029716
8.95782478
10.84786745
8.737412915
10.2915597
8.221705063
9.49139129
8.198025316
8.177013536
8.816897188
9.775195814
15.27345721
15.7167075
11.43808832
12.75952485
13.23360386
11.16575118
11.44030721
11.65519617
11.57840338
11.48897925
11.64553336
13.77133962
11.38941303
11.11310983
7.771097618
10.21451477
9.18590971
10.77781637
11.16935998
11.47432962
10.37968376
9.604352559
9.795489372
10.46181039
15.51644552
16.20673461
11.83487852
12.93312381
14.01121265
12.28234221
12.20176642
12.32662137
12.35485478
12.56256707
12.73737317
15.20703813
12.96526819
12.29716543
9.248981925
12.90550926
9.859879177
9.988761677
9.702526245
8.128182717
8.955975559
8.817979529
9.634972351
12.77024767
16.85475942
17.50934572
13.69495768
14.91235859
14.85436548
13.1252528
12.6616049
12.75047935
12.93723207
12.9916151
13.18867984
14.95757169
12.84791577
14.77434894
9.697080569
11.07989035
8.531489077
9.081595668
8.819601486
9.238601125
8.274467143
8.531887705
9.740316763
9.638716629
14.9072785
14.80651203
12.1294948
13.44920604
14.15086945
11.95070588
11.66841151
11.72300648
12.08981319
12.29363196
12.54868076
14.76787262
14.23352316
12.50947935
8.967668271
11.78567765
11.22476888
10.59070682
10.69049074
10.01459716
9.502297211
9.518187485
9.963674112
10.80911998
14.75077477
15.14439108
11.72523752
12.84803119
11.60650723
11.08133133
11.2463795
11.41884788
12.06378302
12.51301558
12.84214745
12.99836841
11.79027237
12.21683089
9.370246278
11.82261489
11.35514761
11.48238198
10.21154389
9.956405341
8.312836962
8.257201422
7.727136014
8.948134157
12.12716005
14.12037486
10.40037985
11.07953936
9.117545094
8.76596269
9.031950726
9.596999173
10.23637654
11.04028598
11.83498352
14.87055075
10.53971089
9.516196868
8.001403353
7.961283967
7.584404399
7.530930465
8.191347734
8.352942244
7.32503147
6.654083959
6.515956756
6.578676888
9.242483861
11.82451797
11.93950994
12.05114545
11.71657046
11.38299294
11.54718311
11.69171613
12.3150793
12.48180753
12.13956227
15.71624807
11.04502627
11.52279357
8.99819928
13.39269562
13.17610301
13.70935954
13.44274722
11.9604153
11.51490295
11.63400324
12.5570114
12.72529365
16.42296025
19.43835845
14.69811073
15.63526921
15.98515342
15.91785468
15.41212955
15.69281125
16.03111319
16.39673589
16.39111508
18.92582916
12.99828633
15.04110542
11.66601019
14.59912095
13.6618684
14.49316489
11.92562619
12.68194112
11.63103968
12.43528023
12.41410624
14.31547361
19.92661841
21.19876687
16.36852285
17.94612946
18.32580542
16.95272672
17.12532887
17.32337229
17.69024031
17.86248526
18.15541627
24.99425573
18.92503957
17.34879615
11.95870832
14.97316608
11.96789198
11.4737079
10.26375906
10.53067488
10.77635852
11.37828139
12.64367453
12.61596144
17.76789281
19.96497212
15.58668621
16.68144557
16.79778786
15.5140568
15.72510146
15.62219246
16.11199241
16.44021218
16.87338124
18.73683621
14.15312731
15.70149991
10.0827056
14.47737451
12.77741795
13.47968845
12.57548525
11.82574078
12.64733076
12.05398326
11.56762949
11.79162086
17.43803546
21.90218189
14.66807333
15.92107928
16.65959719
14.62155827
14.08599005
14.21750162
14.46476571
14.80163799
14.89419679
17.28901656
14.27375102
12.30281792
11.37079079
14.95130097
12.05527533
11.43808982
10.63124879
10.25707847
12.19851638
11.52423093
12.90365661
13.00733245
17.91136041
18.89985839
16.75308663
16.96833497
16.23562957
14.79417047
14.72732565
14.74401761
14.84323907
15.04076492
15.25643673
15.5217468
13.37843112
11.78589412
9.778611897
11.87160141
9.221146053
9.284267885
9.099755648
8.260177154
9.854753228
10.68380904
10.39929265
11.16973088
17.00766312
18.63494277
13.76676603
15.06287865
14.95769477
14.42120263
14.37856973
14.20017472
14.60268345
14.65816477
14.89827894
14.93289813
11.84996944
11.10576446
10.66647187
8.208808151
7.259158405
7.72224489
8.21795152
8.097069962
6.932461793
7.951310815
7.885219384
7.992896752
9.447354992
11.20702772
11.16326732
11.90231992
12.02512942
12.26158137
11.88909237
11.98212337
12.1620991
12.59123389
12.25028135
14.89221017
8.380461975
8.88945788
9.879490803
12.73807307
9.895041858
10.33397732
9.573503547
9.391678522
8.365340193
9.214582421
9.600246656
11.09663053
16.80351387
17.3736761
13.58620671
15.67600172
15.97575099
14.62595043
14.6813974
14.97263303
15.12635517
14.99985045
14.29296401
16.88030972
14.59449643
13.35317537
11.91199491
14.95045935
10.46433161
9.858764499
8.187143188
8.918256714
9.120531822
10.25995067
11.18483186
12.75860222
17.73031116
19.46211129
15.07468552
17.13941592
16.24789221
15.98734109
16.2462813
16.69550386
17.15522979
18.58553426
17.38556593
21.80845095
16.41625771
15.11994704
12.18895197
15.60750489
13.82160487
14.06276398
12.60349142
11.83178091
11.07773534
12.21994653
12.22748175
13.82667612
19.46828835
19.50737703
15.96267919
17.33162226
17.32089193
17.07375764
15.77228208
15.81687147
15.86360828
15.93160208
16.41158499
19.00981275
16.37777606
14.34593394
11.6785385
14.98737072
12.55125487
11.25792202
10.85102152
10.80703475
11.23246349
10.99475058
11.63592967
12.95320095
18.75522836
18.11080508
14.62807093
17.4252229
16.03990327
14.64965456
14.84458006
15.11240582
15.38881556
15.6612127
16.02499232
18.64047946
16.35346908
13.68717222
11.6170334
13.4343208
9.822036011
8.912038367
9.877214089
8.736707283
8.727917046
10.26329005
9.624569254
10.92484429
15.68963592
17.43855297
12.43764648
14.72049767
13.5264385
12.96628904
13.82936598
14.1559614
14.70937257
15.08725075
14.19828287
15.82443549
12.91590814
13.37877791
9.704276531
12.48982659
8.401890753
7.695329736
7.71181019
7.76206443
7.638136619
8.54524231
8.855876463
11.18663588
13.96925209
16.41893544
12.34734913
13.65073372
12.58147209
12.42415641
12.87963477
13.39672523
13.48502558
13.4009506
14.01700742
15.69558953
14.13700862
12.24945866
10.60818388
9.864729462
10.35764119
10.29449667
9.109909616
9.408523553
8.615573469
9.234831205
8.636859973
9.490799513
12.57209957
13.99799344
15.27977786
15.31287758
13.96330944
14.38971177
13.8411383
13.7607359
13.76473312
13.66085462
13.74512493
16.12074787
14.4177294
11.75101224
10.34887951
15.37827342
11.5912813
11.81601604
11.63638631
12.13347381
11.76331208
10.64505948
11.03408843
11.07732133
15.1820487
17.12493834
13.58354252
13.71480691
13.05280599
11.83163502
12.31334631
11.69307396
11.56341904
12.16951043
12.44299293
13.79005583
8.754554436
9.081412829
9.831452103
11.83410963
10.15712018
10.72183171
9.7909961
9.50289479
8.76635631
8.920202554
9.236773956
9.953465144
15.53784969
16.45493081
12.75566226
13.02959854
13.07064993
12.16372167
11.97202695
12.49039097
12.65496146
12.73292004
12.97833261
16.32065892
13.1410904
9.682770546
8.309107383
12.6524937
12.18623551
12.3313173
11.2419562
11.15827042
10.14118267
12.07675932
10.99961021
10.71106995
16.1894991
17.04376161
13.81519427
14.22584865
13.49760218
12.74147156
12.37378269
12.28220525
12.14717485
12.72120191
12.1764535
16.03252442
10.68764774
11.67587986
7.562498881
9.857363183
8.333748918
7.886595623
8.304673149
8.388205676
8.649809355
8.983635032
10.13387264
11.09318017
16.08113117
15.80227644
14.0476926
13.2240267
12.80994374
12.1748111
12.35543938
12.70689411
13.28774438
13.12941783
13.92362648
18.16457651
13.24071289
14.35374175
9.484936429
12.14956315
10.38509005
10.66976482
10.55049452
10.46402786
8.956329851
9.839951897
9.816482949
10.19526717
13.91229816
14.62724791
10.56209798
11.9220899
11.78918317
12.18414214
11.82294499
12.04429872
12.33601344
13.10665956
13.24703103
18.2002821
15.94154975
11.56113135
11.77808773
13.68180557
11.31191426
13.72153447
13.04591705
10.37049632
10.31557213
10.37934592
11.08945941
11.95421029
15.49528095
15.25238008
13.514106
14.5776257
13.3783529
14.16464914
13.65861458
13.74621253
13.87048364
14.11353448
14.19264021
16.70405489
12.43780394
9.929441762
10.29621381
10.36698702
9.624117836
9.474544256
10.35962066
8.616781037
8.994088202
9.058267094
8.646356758
9.176553024
10.91754284
11.73259766
12.98238132
13.89955685
12.12441369
12.87008027
11.73636932
11.52870835
11.42664432
11.20823778
10.99165333
12.61414833
11.62717072
9.199230227
8.217153743
9.34183036
9.80631938
9.013373443
7.692622327
7.551556313
7.743231759
8.686085929
8.627757792
9.19182122
12.96252025
13.85475099
9.986106732
11.13814253
10.5438823
11.06859628
10.43103175
10.59255794
10.72952398
10.90843127
11.26271469
14.86477178
10.95933217
11.06358291
9.728399674
11.56528453
9.524488158
11.1772387
10.57589559
10.3699049
9.617081633
9.338552202
9.41423565
9.413299401
13.53514962
15.29633769
11.25632247
9.896629879
10.77395618
9.355903964
8.759417211
8.723029801
8.754225973
9.003498209
9.235938884
11.16378693
6.573938904
11.6380416
11.09285254
10.53328181
9.254492369
10.25540496
11.4317118
13.74152124
11.15671316
12.30465078
10.4990655
12.24510721
16.18300708
16.2534589
14.04904649
14.40707781
14.14257191
14.01858635
13.35611185
13.32744744
13.52583259
13.5539276
13.75858396
16.36849313
13.1239587
14.25889164
11.03393983
13.52536413
13.0496469
12.39705712
12.27257407
11.8535283
11.05053561
11.09095123
11.45950081
13.50412057
17.46705972
17.95766607
12.98417459
15.55589506
14.44143862
12.98475712
12.86977498
12.36677794
12.08393466
12.23206485
12.1826037
16.8145591
9.568336783
11.76418143
10.06047103
12.61785126
10.78226555
10.81282621
11.63681171
9.861604178
9.986111144
10.69807042
12.01391959
11.59787257
16.47475173
16.95149915
12.52248124
14.68510056
13.48208311
13.00202752
12.78235939
12.65089758
12.84739377
13.05503969
13.25640266
13.76525453
11.40603582
12.53398095
10.79056554
13.30794422
12.01060742
12.91220412
12.90163132
13.48106341
12.49419979
13.26794507
11.12288789
11.92152858
16.34422518
16.88575305
13.16050681
13.88507309
13.92511041
13.27955581
13.076505
13.14087249
13.24608882
13.63772878
13.57234982
14.86306463
13.7375598
11.21368867
10.68450539
10.02461132
9.600985664
9.98330966
10.89778488
9.832394131
8.924391192
9.53956692
9.878901426
9.581801767
13.18372867
15.17557156
14.96489887
15.0006602
15.93935433
15.28324938
15.34208296
15.6730147
15.76012187
15.74475028
15.88670162
18.56861619
15.43205381
13.0192313
12.91260159
16.02014945
14.95881729
14.15898701
14.42244587
13.87719366
13.87720677
13.52714662
13.09956531
13.2755856
18.19349745
19.69152391
14.45301691
16.09065679
15.58113055
14.20412344
14.44765896
14.84499249
15.22867559
15.40523903
15.46212486
18.88908112
12.07326527
13.69689633
10.36263689
15.57922993
13.1687474
12.88689927
12.6997103
12.41474287
12.50917342
12.28116597
12.31617572
12.51495231
18.82295146
18.94749289
15.27994719
15.96433143
16.83147431
15.05776503
15.09074553
15.61932882
15.90383418
15.99485579
16.34487631
18.50588876
12.01901107
11.33024023
10.55945852
15.99484337
13.846029
13.63438402
14.54356218
14.12802292
13.45198553
14.28496494
13.10186557
13.77124745
19.14132766
20.64250794
16.25372195
17.317119
17.25789832
15.96471954
15.56007558
15.76918139
16.34180809
16.88670893
17.29796982
21.10098935
16.82932845
15.58645154
14.21938029
17.02389822
13.10335242
11.54818178
12.0109948
12.34276952
13.40854351
12.77275674
12.85621567
13.06552569
18.84532038
19.97381032
16.77037477
16.99438163
18.12876884
16.52045357
17.02841589
17.50945544
17.93330489
18.27878745
18.65802074
23.131416
24.34767381
21.01264286
13.30808685
17.65523864
14.05655911
12.30698124
12.11128383
12.00893963
13.09109011
13.64471757
14.32311152
14.71491525
20.50603242
22.18853964
17.60159378
19.62044786
19.02762633
18.56383357
18.09400372
18.53344765
18.75853581
19.07540654
19.45736673
20.08596103
19.84189086
17.12647535
15.00837354
17.83114157
16.22187041
15.87574299
15.93899678
14.91847304
14.51476822
15.70357996
15.14163411
15.26464359
20.60706072
22.68348326
17.43092219
19.35350252
19.16727099
19.13121231
19.22479268
19.50114574
19.7740503
20.00914095
20.16065341
20.84877333
17.76606454
20.04795263
15.99717128
14.12872711
12.34088217
11.3672307
11.17659784
10.4985146
11.32005873
12.06381045
10.80374997
11.28410654
15.77098193
18.7303237
19.97644715
19.8986372
19.79580718
20.20707593
20.00722748
20.38193678
20.48663223
20.42740832
20.61813036
22.4742023
16.66056783
16.61751569
16.60418965
18.25926133
15.23575311
12.80923858
13.67530085
12.74247026
13.09724177
15.02712634
14.47974425
14.04168589
20.35784362
21.82717237
18.53599437
18.9691318
19.19818677
18.26862164
18.54702736
18.76954284
19.25961182
19.5761742
20.20714409
21.96067786
20.37318108
18.79520142
16.65404107
19.14100101
16.93244668
17.11577099
16.5375773
16.39062612
16.19057194
16.96226061
17.9936756
16.91056358
22.28733544
24.0993438
19.88597269
22.51808875
21.97128598
20.3120594
20.72941459
21.21485822
21.45123109
21.65672306
21.99916563
24.21920805
21.37980391
18.31483428
16.43823367
19.37927199
16.13238888
13.99901075
13.60130588
13.21516102
13.83313018
14.81644963
14.68905618
15.1197774
20.96119553
23.18230506
20.57526181
20.48827542
20.84736066
18.62821481
18.84210324
18.97294477
19.29605983
19.59488797
19.813546
21.99901938
16.89681429
16.0185896
14.05441742
16.21633362
12.7753757
10.11948767
10.38287422
10.04437815
10.85716127
11.62387629
11.90124946
12.30934783
18.46946735
20.28258337
16.46055491
18.04424728
17.47178283
14.31887593
14.26241777
14.62444556
14.95603212
14.84575507
15.11063786
18.27297234
11.61363373
11.854391
11.52523234
14.88317663
12.84509573
12.29046201
11.88835726
11.97573309
12.69731686
12.29778857
12.62466008
13.3235098
18.95323073
21.21574869
15.09183834
17.92622171
16.35959031
15.28106061
15.50173157
15.82900422
15.87372909
15.88976119
16.32401543
19.71196956
14.95223507
14.42367519
11.67526688
15.34202631
12.06303834
11.19822175
10.51910297
9.071155085
10.44541924
12.26363406
11.93593191
12.55183716
16.61482233
17.20529184
13.46679413
14.76367862
15.69781114
14.62662311
14.59877404
14.56864277
14.38389031
14.00858372
14.21083219
13.20440646
11.08246611
13.55508026
11.88307507
11.31942234
10.48881219
10.93321448
10.45830524
10.63586318
10.21764241
10.29092594
9.78854791
10.36475752
13.0639096
16.55920469
15.72433309
15.20916216
15.22701102
15.62522649
15.84584332
15.96347792
16.12615989
16.15442349
16.2567604
18.62102054
12.51419414
11.90277109
11.29164015
15.34570437
11.59078278
11.31620082
10.76024488
10.38907439
10.64401261
11.87990556
13.06917144
13.55178459
18.12541337
19.0386147
15.816396
17.58321756
17.36898899
15.67478589
15.81301916
15.77552622
15.75598764
15.99314577
16.19648103
18.29109109
12.35335519
11.7184242
12.31617308
15.68910786
14.84581309
15.03237506
16.36248274
15.9294422
15.23782323
13.71755227
14.32631659
14.62798456
19.65327227
20.56987032
15.96193926
16.91011471
16.28626025
15.26057887
14.84273668
15.01512958
15.28706239
15.74418694
15.7602704
18.17096802
12.34469882
14.39233436
11.43081448
16.27728515
14.87897714
14.53298167
15.91702331
14.76465235
14.34301962
14.74279149
13.65535311
13.88445563
20.47016621
21.48706227
15.40109256
17.26109922
17.9059793
16.65632118
16.77463133
17.15129936
17.19112662
17.53381498
17.66595639
20.04667975
21.61543435
16.84939264
12.55628926
16.45358259
14.63227923
14.24954663
14.28751408
13.91902566
13.48295666
13.78842142
13.73760433
14.14403026
19.72213496
20.58090013
14.87434544
17.41925215
15.41810276
12.4202924
12.14771071
12.02194898
11.98581789
12.12136351
12.33220468
14.12144371
9.605454478
13.44231427
10.67323802
11.41332633
10.00432647
9.868674294
9.845037544
10.97220678
9.881449864
10.48992205
11.65087444
12.11912071
16.30522936
18.01855637
15.03059759
17.00971359
15.78360484
15.40709967
15.02092528
15.27821697
15.34000079
15.6905924
15.91331959
16.39592225
14.67390428
14.17228247
13.06372868
16.78119305
15.67700055
15.6166279
16.78499931
17.43885965
15.88822666
14.98570597
14.80149518
15.01940195
18.71436883
21.77398036
16.53432117
16.46552488
17.25742247
17.05471218
