14.37758777
13.78244861
13.18123242
12.822349
12.22393359
11.68929065
12.42772911
11.49350076
8.700386814
6.817691406
6.428161499
6.2486073
6.741286131
5.995019657
5.022990896
5.329815951
5.139113607
5.129008654
6.097986918
6.188664673
6.19426345
6.907922215
6.882845281
6.113470543
5.385766418
5.250112671
5.134494385
5.061313446
5.013099426
4.936021942
5.795439188
4.389400631
5.182317965
4.055777325
4.012032429
3.13849768
3.687290202
3.409473668
3.091204705
3.055446583
3.883656393
3.60309137
3.543247651
3.461546356
3.598434723
4.264536197
3.861155579
3.882384521
3.863251678
3.876669189
3.867734375
3.841938477
3.817151917
3.782444427
2.739558136
2.327859344
2.388692427
2.387509588
2.056580322
2.431507375
2.815524343
3.435330217
2.35455225
2.554464807
2.528548408
2.940188029
3.038589865
3.37897729
3.08304892
3.837995372
3.836379713
3.594700149
3.545357605
3.578697968
3.627886505
3.674814484
3.637634644
3.59151474
2.632343857
3.172279733
2.134804955
2.411787313
2.360556743
2.615006433
2.45965444
2.340927374
2.050634796
2.112860535
2.401944694
3.173562159
4.832650797
3.706648141
4.563033864
3.486279785
3.779397614
3.572645294
3.547296478
3.435875763
3.41579306
3.451297638
3.608700561
3.624264648
5.247738669
4.468423316
2.859662975
1.490920253
1.775545979
2.056126475
1.936859707
1.791372253
1.961614249
2.181892527
2.81817636
2.9795122
4.248759312
4.615252424
5.344300104
4.460149496
4.36308594
4.603596631
4.458246231
4.136197968
4.194325684
4.188339355
4.187897858
4.244669281
4.873085924
5.928599182
3.295105383
2.479164568
1.118454203
2.282397572
1.68371473
2.193326531
1.995004737
2.03567558
2.129949203
2.478426352
3.186047854
3.817398793
4.55346461
3.563387088
3.720691629
3.621323355
3.525934753
3.507030457
3.570964783
3.538233521
3.529693756
3.547747131
4.745855709
5.275077887
2.423734632
2.453675249
2.913161231
2.682560384
2.115574013
2.124724301
2.586913352
1.95438562
3.20085688
2.283252245
3.63736236
3.713773388
5.21031918
4.08541453
4.417908479
5.128456749
4.076387238
4.157685852
4.17766571
4.231723785
4.284791168
5.454018862
5.209290663
4.806815563
3.501554977
1.921005914
1.113327937
2.159267089
1.905273917
2.568340682
2.4688468
2.312396459
2.687217618
3.025644784
3.226070167
4.91238047
3.664090306
4.040339337
3.419213318
3.544694092
3.59110144
3.602445313
3.66422998
3.744895203
3.786104034
3.788262054
3.334711551
2.706856309
2.996301843
2.875921029
2.066106171
2.399009028
3.057371458
3.798308322
2.722603253
3.145353271
3.501553398
3.399353635
3.874478259
4.328149743
4.020674243
3.88100903
4.114403043
4.003935516
4.055410004
4.089878693
4.172059052
4.276899384
4.387998566
6.431512087
5.299736564
3.810825043
4.351339819
3.19441445
3.366981456
3.251190757
3.826679117
3.717338768
2.979230759
2.833373418
2.578836403
3.308629247
3.788570011
3.830887408
5.37543048
4.235734096
5.342094528
4.077082454
4.009122284
4.014218567
4.032185458
4.382432709
4.126669128
4.166437347
3.982176779
4.032877187
2.562720795
2.401941011
1.42949993
1.446505371
1.750128021
2.30340759
2.635063454
2.767131987
2.804710175
2.611601135
3.575835921
4.37788212
3.960545815
3.865482342
4.07742297
3.829283539
3.811722626
3.758287476
3.733626404
3.70436441
3.691467682
3.657631256
3.334792743
4.090185392
3.31271443
1.54322317
1.476869942
1.027452353
1.593838223
2.402814994
1.850612416
2.302917782
2.900479884
2.74345891
3.6157796
3.64374063
3.796897166
4.099430507
3.425947543
3.583574816
3.538705994
3.589829529
3.661259827
3.718841919
3.782777954
3.798247864
6.438120949
6.30453092
3.08749287
1.582231792
0.991685883
1.196815674
1.60503833
1.876616882
2.877706198
2.500100063
2.608592723
2.432303475
3.330703885
3.86148009
4.050314117
3.977369655
4.099663083
3.943170593
4.009218994
3.961252075
3.981250244
3.989188354
3.969151001
4.572369679
5.526882587
5.272842296
3.663721551
3.126407787
2.999599357
2.501626556
2.716740248
3.084258758
3.02152662
3.293532955
2.927498089
3.153967968
3.857992294
5.030776758
4.659875722
3.574047424
3.755015108
3.719477325
3.741469971
3.762026367
3.782491394
3.817157288
3.847111633
4.816818826
5.414367686
5.755709309
4.916799839
2.715613561
3.029424771
2.888179863
2.881262144
4.221703252
2.551947906
2.558278473
2.489411133
3.949280843
3.757812768
4.057899123
4.634529811
3.778018554
4.070240186
3.803033752
3.821535461
3.927072876
3.945048706
3.956014465
3.912225342
3.878281006
3.364699581
4.099569736
3.483485166
3.728543254
3.712032847
3.253323951
3.252932302
3.308957679
2.910058559
2.536192577
3.719573423
2.448300989
3.762177416
4.275172577
3.533604354
3.422554701
3.734984425
3.95542131
3.344749115
3.391227295
3.399262177
3.390397522
3.675769804
3.817694678
5.047745133
3.601593191
2.416605364
2.787719849
2.078831879
2.444828411
2.438984216
2.919264185
2.513540986
2.330159811
2.529935522
2.68956907
3.470660982
3.652048952
4.254797467
4.512772323
4.994517371
3.959634372
3.935657257
3.82900946
3.886191895
4.202693834
3.930326538
4.115666809
3.061570114
3.570622824
4.311207537
3.790277766
3.396921338
2.546766499
2.755422021
2.897299862
2.341096313
2.350497375
2.426966797
2.791954102
3.898916456
4.628437248
4.338479236
5.801785339
5.517019601
4.62949704
4.698154663
4.723328278
4.786594238
4.821852539
4.820424133
5.83840785
8.138178153
5.957282614
4.082085591
2.100281687
1.360456469
2.817263737
2.278075684
2.313556244
2.421063304
3.153514958
2.889292248
3.587201702
4.056838176
5.642246942
4.509557224
4.769155864
4.284297363
4.373277618
4.44792157
4.459994385
4.482985596
4.37090448
4.383661072
5.087561369
4.969488643
6.468459457
3.850733656
2.415646912
2.534534126
2.560931073
3.864668926
3.048558551
3.13470269
2.367836029
2.877743901
3.106974772
3.157734558
4.531397261
4.064318982
4.019174523
4.079748701
4.390883493
3.84560733
3.851317871
3.896300964
3.941474182
4.002401855
5.949651109
8.227735536
3.926118359
4.121130705
2.106006161
1.417733666
2.72485891
3.390024929
2.880837213
2.442456922
3.351351696
2.761276007
3.247812295
3.780644738
4.241846236
4.043455971
4.161941651
4.449888952
4.447499618
3.981556213
3.938140259
3.902846375
3.836542725
3.838073547
3.807562073
9.144432032
7.325675908
3.339385775
3.046263699
3.572268112
3.725967054
3.114893883
2.853004931
2.514898315
3.575922534
3.930969291
3.160402076
3.954132821
4.570079595
4.230704394
4.053998691
4.336493636
3.944400269
4.0097453
4.15946991
4.222066101
4.274569702
4.334782776
5.73357081
3.486233032
3.346566576
4.325300541
2.899159027
1.917952051
2.591926229
2.343455708
2.236272675
2.819399655
2.974495378
2.445780884
2.621717499
4.291795953
4.293226412
4.151029893
5.020997066
3.943102234
4.180156202
4.145655762
4.144581299
4.178612671
4.202685958
4.311801417
4.240921509
3.357238647
3.942979936
3.999436031
2.919366837
1.558814192
2.520954167
2.87682982
3.052129784
2.804576595
2.818634815
3.74228655
3.401279717
4.361595137
5.128642098
4.98283615
4.748290177
4.557128037
4.323437317
4.480873657
4.477898254
4.552337219
4.580938354
4.619217651
6.800805145
10.68817661
5.096235511
3.897839015
2.192092697
2.65081465
3.506531659
3.23658639
3.376872946
4.035039498
3.429244272
3.757485963
3.485685983
3.624788513
3.692043838
3.788979244
4.193617695
3.993386343
4.09178754
3.763157562
3.696850861
3.650882538
3.66661795
3.684850494
3.717284882
4.10763312
5.011192839
3.619118938
2.677696987
3.134275873
2.926849067
2.653878633
2.543490232
2.380987701
2.751604805
3.010581105
2.790668687
3.424763175
4.404572938
5.391555
4.608968534
3.870946197
3.966830139
3.753988281
3.756534668
3.757209106
3.760265459
3.748664856
7.984852112
2.864777008
3.724912827
4.407084131
2.428784989
2.108422424
2.006247772
2.265199386
2.30842465
2.209465546
2.9707377
2.827532001
2.658514807
3.628276136
4.016353984
4.310021741
3.587208618
4.111469246
3.838540894
3.917186951
3.967159363
4.024358215
4.055833618
4.079463928
4.079678528
3.148982086
4.053426834
2.977745708
2.041009544
1.904552838
1.614838376
1.47697403
1.822853333
1.923900085
2.113086365
2.62089854
2.504289192
3.988386171
3.978470279
4.76207051
4.112507658
3.89241388
4.095149658
3.800805359
3.884263306
3.906409973
3.959439087
4.048680969
4.092074402
7.081505672
4.416627769
2.465460424
1.681378676
0.457200684
0.657134216
1.152987915
2.03012329
2.343297624
2.762908351
2.407939371
2.084261145
3.748554001
4.501363115
3.56813249
3.968976592
4.272107336
3.684761536
3.756950745
3.84034668
3.882453369
3.945506042
4.016512695
3.992227661
6.339060636
4.455125188
3.444610401
3.55669075
3.495972719
3.197948155
3.776447347
3.256482407
2.622986031
3.312184867
2.955334637
3.660357428
3.35781388
4.144272524
4.806311857
4.369690813
5.048553296
4.319860746
4.109356323
4.210812683
4.262320801
4.283688721
4.318648682
4.345949646
5.597572189
4.151788458
4.509973124
3.446765775
3.2003103
3.303915572
4.540171035
3.517514862
3.877853917
3.413100221
3.549922385
3.048968018
3.893864319
4.087690216
5.176222069
5.260538261
4.264693472
4.246484863
4.245202209
4.232027222
4.238654602
4.281376892
4.61311947
4.337958313
3.832851674
3.971064923
3.704820248
3.35044488
4.032395011
3.306392573
3.124923089
3.19315049
2.945648254
3.802476299
3.340635339
3.32349941
3.946714765
4.308016275
4.365177313
5.001210859
4.106973755
4.529982488
4.564534182
4.175666077
4.142067505
4.105598572
4.067611938
4.020966858
3.370481467
3.493270634
3.458094736
3.489292053
2.820732951
2.657537431
3.148088333
3.725779933
2.765707891
3.030451821
2.588507796
3.397569018
4.713380173
4.128568402
4.240753645
3.791097178
3.714999326
4.087301409
3.929836451
3.635110474
3.628676086
3.61241626
3.602270508
5.823037473
6.70628356
4.63270745
3.39063043
3.273828966
2.76714394
1.994776886
1.992417938
2.029468262
2.028794159
2.062670532
2.350432599
2.221468555
3.016984445
3.623762882
3.903434892
4.17569751
4.191961981
3.981909252
3.758088715
3.812870361
3.891253204
3.953177826
3.925738983
3.894661072
3.099387635
5.203805369
4.628821873
3.143127309
2.473709652
2.244299988
2.204174255
2.190957397
2.096280884
2.144493469
2.122332672
2.902010369
3.346298164
3.856277982
5.304956111
4.670593221
4.144068576
3.639592651
3.528249634
3.448558228
3.402046753
3.383396057
3.423139801
3.541278412
3.823509155
5.33508564
2.517947393
2.156390522
2.346033968
2.085622385
3.974648688
2.513613873
2.697688246
2.655219707
2.781872201
2.808479409
3.303861135
3.135771973
4.003857476
3.628447357
3.959323792
4.059518481
3.604008392
3.558905518
3.517660645
3.587728119
3.616635834
3.739769775
2.977505868
3.405873157
2.213749604
3.332784648
2.129973587
2.613251339
2.183670424
2.354476464
2.142019465
1.789154938
2.621514059
2.952707481
3.354650336
2.843300507
3.717697618
3.584939544
3.376345842
3.215965729
3.432249939
3.52590509
3.69306308
4.376281494
4.769425903
4.72407782
4.092061755
4.840102013
2.563090425
2.625617989
3.02365732
4.140821581
5.637262064
3.548913502
3.629663609
3.304470858
4.212505586
4.035442914
4.784802685
5.154439716
5.568510658
5.598704683
6.067031976
5.327545441
5.375956085
5.373820892
5.078265533
4.896670502
5.030304175
5.866472824
5.619127943
3.716246965
3.54624401
2.854849339
2.13442334
2.408778137
2.778026306
2.860268494
3.882218732
3.313598199
3.243374441
3.809903507
5.03464596
5.100134457
4.44861169
5.917651564
5.232899512
5.209729022
4.81591156
4.814634033
4.918286133
4.881912567
4.816051117
4.768272156
4.428134276
4.232520663
3.240407181
2.425564655
2.359925704
1.365793335
1.893623077
2.369602141
2.607745253
3.08461266
3.369710266
3.41225326
3.549418549
3.743669586
3.802142883
4.118696106
4.386802509
4.390954847
4.304398956
4.321267548
4.344673889
4.343696167
4.313302795
4.270453491
4.331898808
5.325013181
2.935889996
2.628664669
2.802799851
3.019256644
3.238324293
2.961464143
3.50588537
3.525507581
2.954363818
3.392570261
3.777047934
4.164179706
4.056828037
3.717690063
4.903648944
3.803584015
3.811051605
3.794117523
3.786661377
3.780795027
4.326114068
5.451174927
6.11449372
6.679550838
2.139530214
1.603869061
1.007833954
1.399696606
2.098362786
1.969273674
2.050138729
2.187659098
2.440061823
2.611707784
2.973061224
3.009143341
4.44601001
4.426679114
3.669048783
4.555321029
3.865203904
3.728063904
3.797608765
3.93577301
3.943605286
3.926272949
3.504862853
3.982298544
1.676989896
1.654001617
2.36993785
1.948464408
2.879606166
2.244227676
2.364889106
2.721763817
2.092063904
2.180513641
3.110075562
4.131392591
3.292878373
3.381979511
3.664048212
4.21352278
3.795115073
3.393028656
3.392784058
3.36993161
3.383181946
3.366276978
2.60444506
3.943450206
2.819674166
2.317510373
2.824785836
2.988037077
2.738272116
2.333797376
2.343202757
2.237693158
3.404282596
1.792493744
2.946113474
2.814130602
3.846613011
3.426741096
4.16709938
3.758889829
3.997031127
3.458457458
3.46235553
3.473861755
3.495331543
3.525539886
2.583285614
4.353984142
3.254997297
2.42219422
2.412010348
3.15846823
2.049454167
2.661393311
2.75408865
2.331881846
2.500876554
2.910509749
3.402119695
3.922057584
4.34966112
3.665876777
3.408155793
4.037021555
3.634302246
3.746143799
3.867612213
3.999261475
4.090520203
4.188390442
4.124242186
4.068859605
3.831472103
2.494680863
2.576398391
4.339564246
3.180140098
3.107006713
3.079604985
3.083912422
2.866296107
2.884497029
4.386482272
3.9066394
4.119504776
4.117725076
4.116144147
4.2836046
3.991172729
4.014000061
4.068289368
4.095387512
4.740913394
4.186516357
4.126998011
4.572375535
4.375055027
2.78021331
2.320925781
2.605079589
2.410570435
2.414903381
2.219298859
2.259320512
2.953653056
2.978946419
3.716653056
3.146521393
4.039831495
4.089368825
3.736595026
3.510232239
3.545191681
3.555117401
3.582766388
3.601544434
3.607546356
4.634963025
3.513055528
5.647386816
2.892485672
2.804342319
2.404422758
3.02172594
2.250604586
2.344890626
1.805822357
2.711962725
3.255021027
2.348704792
3.035738688
4.865457103
4.044895131
3.968368531
3.98465695
3.775557993
3.599122681
3.664235596
3.788077301
3.915854431
4.078759236
5.582438577
8.995115935
4.353314268
4.787892696
2.791209197
2.38090817
2.427291047
2.632720881
1.977990326
1.65934317
1.703469337
2.66380783
2.221972992
3.613103292
3.628104778
3.438304822
4.598814146
4.863349641
4.69238501
4.14950592
4.234951538
4.206751587
4.206905914
4.218487183
4.215808441
6.673305722
4.594690941
4.389734587
2.213969177
2.024234924
1.486612793
1.672116638
2.352851716
1.66772244
1.591078674
2.108903786
2.66858083
3.206302092
3.532476243
4.887449502
4.702873923
4.274329515
4.248012917
4.019200989
4.04344519
4.138356689
4.16892688
4.137549866
4.162352478
5.192739741
4.37362692
2.097864423
0.882796649
0.51842897
0.501029197
1.169205129
1.299172414
1.019555616
1.170326087
1.223168083
1.617178859
2.541857209
3.066255105
3.761543901
3.548306112
3.406170929
3.3360609
3.373944336
3.479553833
3.573631836
3.64354248
3.710125549
3.776718811
2.938494873
2.827239719
1.427330705
0.409545845
0.285454684
1.259082704
0.368257645
0.749192993
0.664142456
1.013641751
1.557416342
1.318206497
3.670476404
3.856825012
3.082762332
2.84811261
3.391417199
3.138299683
3.277829987
3.394457428
3.417095551
3.437826843
3.504098511
3.542893463
3.800192776
5.512566468
1.893770938
1.974539353
1.00427293
0.78105994
1.056626282
1.571848543
1.303971555
1.230152985
1.70867946
2.356576612
4.129357011
3.692614692
4.298601672
3.305801879
4.121713376
4.334642397
3.610252167
3.704086273
3.7825289
3.805614777
3.825212006
3.811382172
3.35182303
3.095532622
2.23229591
2.40513629
2.050914956
2.002140137
2.062904724
2.025933899
1.989391876
2.853720381
2.852521929
2.700988924
3.329883849
3.201822064
3.627875248
4.445112489
4.183712283
4.399837625
3.680450531
3.723287903
3.723329407
3.800753632
3.872992676
3.994360107
4.766706409
5.191447832
1.451234403
0.449378068
0.91626578
0.312953674
0.808228597
0.913015533
0.874790072
1.513712769
1.673170801
1.791746522
3.838616884
4.00367912
3.650678384
3.354507066
3.515302698
3.644795413
3.264745331
3.335298462
3.399620575
3.463262604
3.57659256
3.680887299
3.058811344
3.697743384
4.171695157
4.227955479
2.597228577
2.207032014
2.638270527
1.96981308
1.75226697
1.804077846
2.85916306
2.880682294
3.19984045
3.997484983
4.328652222
4.233370183
4.492792449
3.773230802
3.863296906
3.897293488
3.983701843
3.997735474
4.036255005
4.082239807
3.163823761
3.762997743
1.489507329
0.852303313
0.453931917
1.224335905
1.40517651
1.732836006
2.091873257
2.073950218
1.537432007
2.237025192
3.627029717
4.580627937
5.352733664
4.653185156
3.603703096
3.577577179
3.588889252
3.595385406
3.592921417
3.616650391
3.638670563
3.656240631
2.729334625
2.679010506
1.686383034
0.346399475
1.823925323
3.329426219
2.692190101
2.743240042
1.919213688
1.693429566
1.600973766
1.766726166
2.611265853
3.153713286
3.507542404
3.742968775
3.339729656
3.463607178
3.710428009
3.746587585
3.804125244
3.793071716
3.752981964
4.83543933
2.692408936
2.462092816
3.806422139
3.475800918
3.154683604
2.943577319
2.951070776
2.480389995
2.413820455
3.481314005
2.339203361
3.127625532
3.135012625
3.263716801
3.07000235
4.047787556
3.589418541
3.492885407
3.469025818
3.528677185
3.695328918
3.80794519
3.722569977
3.706084229
3.336373316
3.083575324
3.226740601
2.554482719
2.535994988
2.252870452
3.002486447
3.069497412
2.054810816
2.044518526
2.125242636
2.336862742
3.021198235
3.904143708
4.512854709
3.452773009
4.01599825
4.073864015
3.818467834
4.094418762
4.311493805
4.559587524
4.80304892
4.906117188
5.74395
5.943445864
3.382900642
2.255247501
2.290289324
2.702956886
3.57665387
2.964497168
2.388954587
2.377505909
2.373099354
2.80508706
4.213325511
4.163925884
5.378799281
4.630913099
4.689956938
4.973320831
4.847253387
4.934798798
5.004674103
5.021611786
5.05958252
5.04801767
7.41029488
5.8559382
3.831469798
2.561138855
2.620338271
2.607298462
2.735151286
2.186137878
2.702309864
2.206165721
2.687057338
2.636773396
3.745697887
4.058903605
4.641129537
4.318331447
4.473714746
4.88033093
4.517852417
4.652415619
4.73924588
4.972871928
4.999300629
5.103098541
4.265982402
4.225534585
3.681200177
1.902209292
1.474598719
1.337327698
2.381968119
2.412313636
2.210096691
2.538091865
2.442020036
2.754037218
3.221384064
4.064009038
4.16423891
4.105654943
4.150763062
4.47148272
4.780663845
4.56038974
4.632253876
4.704848297
4.918313685
5.474741292
7.002637756
3.982325033
3.238474046
1.261113119
0.735709138
0.406087494
0.742477013
0.971540436
0.901881698
1.518015625
1.103293302
2.678520096
2.953085222
2.841541953
4.182375341
3.621556435
4.159061702
3.518754944
3.526977753
3.620194458
3.688038086
3.845433899
3.948582428
4.009829987
2.868357315
2.448781854
2.83997416
1.774483266
1.892399048
0.386021027
1.590697996
2.249429414
1.169850933
0.789074402
1.252475797
2.294156808
2.753586767
3.501435325
3.915074028
4.095593607
4.140090706
3.563617432
3.788049164
3.915741516
4.028346558
4.237049591
4.330727905
4.448208405
3.738695534
1.873129608
2.437220015
0.942188978
1.573407209
1.217936865
1.501277361
1.308732432
1.289946722
1.458189216
1.231615753
1.730966064
2.578519257
2.855800415
3.943358456
4.055369742
4.172540556
4.614333836
4.136334076
4.225673676
4.337100281
4.452492126
4.482882965
4.55169574
4.165407369
3.209726745
1.773853538
1.934701284
1.015373023
0.702415829
0.880848137
0.775014831
1.157492034
1.782385849
1.572269819
1.946966681
2.316274014
3.37121434
3.947626963
3.40948372
3.158199921
3.615022582
3.522829163
3.652578491
3.767795471
3.889721558
3.973950317
5.628654807
5.741111293
4.884607795
2.89674239
2.318346805
2.184460135
2.342159913
2.965855772
1.842196227
1.413447668
1.910444009
2.077673707
2.911862867
2.951571074
3.455766616
3.522113448
3.860103193
3.942411171
4.311026756
4.118575195
4.224789917
4.326407074
4.493576538
4.44480481
4.467914917
5.165759532
4.102062672
2.742125528
0.534987928
0.306155518
0.540931318
0.96765401
1.516451938
0.653585493
0.665942315
0.945036001
1.240228607
3.878847778
3.317051529
3.765992219
4.468508773
3.561758912
3.707809326
3.863200378
3.952437439
4.035294525
4.15104007
4.336226929
4.416328918
5.40562614
5.570316428
1.04545964
0.362234344
0.467188567
0.732604177
0.656739714
1.324902475
1.395388926
0.776089269
2.06002343
2.436313191
3.447238818
2.955340149
4.339565315
3.623576285
4.307334683
4.277455389
4.063129822
4.168106384
4.294854767
4.390204987
4.428865326
4.441831818
3.525985352
4.986081104
2.432846985
2.344585266
2.373394387
1.023898895
1.634251438
1.171200165
0.894500244
0.845956421
1.038182495
1.711778717
2.585220734
4.058117979
3.752562884
3.799326255
3.559364055
3.570246857
3.71187265
3.798407837
3.97944104
3.991708038
4.017795502
3.962635254
4.442320461
4.197772732
2.854165326
2.87183625
2.153077454
2.919197121
3.387353467
2.79170823
3.383871142
2.697072925
3.793940268
3.119612376
4.26532628
5.109622655
4.433875218
5.468196512
4.496197938
4.850431993
4.438818359
4.537052307
4.550450562
5.025973662
4.656059509
6.023593347
4.424801629
3.963994993
2.563696972
3.415116407
2.785706761
3.173097709
2.262069246
2.476197351
1.755510162
1.256217773
1.645891343
2.418347643
2.849793599
3.456365941
2.938900543
3.191079147
3.266799022
3.284484406
3.391780121
3.465949951
3.537037537
3.595072205
3.636974548
3.640538147
4.340665224
4.427355397
2.251165181
1.723831475
1.401507813
1.532684204
1.989438945
1.607896969
2.130930357
2.094715046
2.941794915
2.216596705
3.186114608
3.859178603
5.11677399
3.069431696
3.249978889
3.37337016
3.13682019
3.179502075
3.211856323
3.241262909
3.271163818
4.045554909
6.798480656
5.577845209
3.440007803
1.787210815
2.358356448
2.158650923
2.386447547
2.818301821
2.828619226
2.293048248
2.341291499
2.177922875
3.511610428
4.325493406
3.515828244
3.735040432
3.261552521
3.373489502
3.427092499
3.454213654
3.480284576
3.524999756
3.547543182
5.126906789
5.484047103
6.446026359
3.229764315
1.943410038
0.680985884
0.705490105
1.131566478
1.060790378
1.565033218
0.915119433
0.980454416
1.84248582
2.475626601
3.155177134
3.240202801
3.463482751
3.248476928
3.946032434
3.712777527
3.920483429
4.035733215
4.130971436
4.190298248
6.385371826
6.562070541
3.683198767
2.217340724
0.467812852
1.22501734
0.367931578
0.589008578
0.715458302
0.899023639
1.332894778
0.481057986
1.458219736
1.46058626
2.02410205
2.485239663
3.476467849
3.472628843
2.973349446
2.860002869
2.957963837
3.224956238
3.486083679
3.719396232
8.792834652
5.668608829
2.703797856
1.008771102
0.415228324
1.291040519
2.130865536
2.470737376
2.319800955
2.032737235
2.273677503
3.109878965
3.217706641
3.524974076
3.932014408
4.729383345
4.33112399
5.330842642
4.17446225
4.278540741
4.368412323
4.487589294
4.681542847
4.711429779
4.90710141
3.539348267
3.149614281
4.031023464
2.82301583
2.247738342
3.322718818
3.386435057
3.287822529
3.128363239
3.732736944
2.740666106
3.086384673
3.9186976
3.718055057
4.528139461
4.543088507
5.674145232
5.069133028
4.976067882
4.75429007
5.052097037
4.76598349
4.728303009
6.702865121
7.6152814
3.048266719
3.481751093
1.8496491
1.935237584
2.225486237
2.372816024
2.279903301
1.729854736
1.904558333
2.113033739
1.882589249
3.028391252
3.239704046
3.786084577
4.102808332
4.713561834
4.545231659
4.500522461
4.51741153
4.606080536
4.657499298
4.681938934
4.665334015
2.964498718
2.038153924
3.190129311
2.444128769
2.243698141
2.149450953
2.129553506
1.456841492
1.873360686
1.516229248
2.60155152
2.734926404
3.065532196
3.578925274
4.674032619
4.685872571
4.437655954
4.157783356
4.231719666
4.164817444
4.187484589
4.13843927
4.117559509
4.117263947
3.992067907
3.70176698
2.265251651
1.927945618
1.96322583
1.799800385
1.831373535
2.292303254
2.032486381
1.792528198
2.517181125
3.146971035
3.517582425
4.082598812
4.017041542
4.56063747
3.91417789
3.930603673
3.859786041
3.855215057
3.898885284
3.930514069
3.917333923
3.941480438
3.284708078
4.248508281
4.819685921
2.020798556
2.189285192
2.035169214
2.151252869
2.12730006
2.366083013
1.887008759
2.647372226
2.418786304
3.41314686
3.071214172
3.488483077
3.879722862
3.84885728
4.652538963
3.941251066
3.807164459
3.805946564
3.801614929
3.806126282
5.644235936
7.389233398
5.920723839
2.474280802
2.299762345
1.877799521
2.018324482
2.168666064
2.379883287
1.87330307
1.897500488
2.143035204
2.939450139
2.866774688
4.384902386
3.730844785
4.828957368
3.99956614
3.493604156
3.751762407
3.570127991
3.592767426
3.61185199
3.645300964
3.671049683
6.447607779
5.469504042
3.481809631
3.113381227
2.722009206
2.082003357
2.218653925
2.733618951
3.230861001
3.85867097
2.548613021
2.947565854
3.382216003
2.986043335
3.622189655
3.372056946
3.595962723
3.559518036
3.610621063
3.644901031
3.685089386
3.711293549
3.734760162
5.089043025
3.409819995
2.392952099
2.096753991
1.296988801
0.538635869
0.634893124
0.743151276
1.357696693
0.992542614
1.122986301
1.567544133
1.48519447
2.375713437
3.327617244
5.459024002
3.445060012
3.379678528
3.972014367
3.782571106
3.910162598
4.012596832
4.096205139
4.144237762
4.133265747
3.723967915
0.746132044
1.346951024
1.736673816
1.428895656
1.435464126
1.000184692
0.473800089
0.913645191
0.768509021
0.208468887
0.304589332
1.771701121
2.26468713
3.043149434
3.061944823
3.480408817
3.332596039
3.595812042
3.763375946
3.855030151
3.978032257
4.17340799
4.115895172
4.067080174
0.222731821
0.962083969
0.211740982
0.629477036
0.232898651
0.139883011
0.152487045
0.17348645
0.180174728
0.292375462
0.467830265
1.095312341
1.688420166
1.732421204
2.309874695
2.654287811
3.017964081
3.184316284
3.318785065
3.71872052
3.903843414
4.008636169
4.088584534
1.967694244
0.389334467
0.536905705
1.631066919
0.328986117
0.123829185
0.053766376
0.082017975
0.102076729
0.55040085
0.388459629
0.594955958
1.24843098
1.808599723
3.564046732
2.701976991
3.495787617
3.251132098
3.75541349
3.680532684
3.8720495
4.177739929
4.394655273
6.110888031
9.008742727
6.096710078
3.479945674
2.863805529
1.552819062
1.367702972
1.521998302
1.479000299
1.638440299
0.810594063
0.625116126
1.676252711
3.397138258
2.786459106
3.191616699
4.242203704
4.206071045
4.595734131
4.875109192
5.057288635
5.212521179
5.407698364
5.433669434
5.432697388
3.980959015
2.783617644
1.544222057
0.293096069
0.263457397
0.21282251
0.433448382
0.141826859
0.178845978
0.439164622
0.391711078
0.353820683
1.731655259
1.711630798
3.504288766
3.354948536
4.400130366
4.344196756
3.940152161
4.291701843
4.577752441
4.64634668
4.745246277
5.633494782
6.695540852
3.338953822
1.398449277
0.714866253
0.869574008
0.62000154
0.119057648
0.977267646
0.413348564
1.115195233
0.751925378
1.170063088
0.890314219
1.634260728
3.013948052
3.27828609
3.01389575
3.386691467
3.684402222
4.272683411
4.422410339
4.524792786
4.922163513
4.973647583
2.909900543
1.245693857
0.627522231
0.61424519
0.983857898
2.133398717
1.314995488
0.71856372
0.910672265
0.797486289
0.717258043
1.757390903
2.302664632
3.009298625
3.976520837
4.627717077
4.561602152
5.273596647
5.045965759
5.139153748
5.355878296
5.454973999
5.463177612
5.414276733
2.867087265
2.025001436
0.988662724
1.215398784
1.347573455
0.663942411
0.57541341
0.266631714
0.539850837
0.347780304
0.235382019
0.190426117
1.291517151
1.905205989
2.550971432
3.47051101
3.564633831
3.637535187
4.057250729
3.883004944
4.05685556
4.170285614
4.270941681
6.05580536
4.938795032
2.252650037
2.689694111
0.922537058
0.537609253
0.497261505
0.53536293
0.82594744
0.851547294
0.496915985
0.634194037
1.362994216
2.939008702
3.305714268
3.687401981
4.45970801
4.418919354
4.110315431
3.919378326
3.816062347
3.744678741
3.784033752
3.809457764
4.853807671
4.652792499
3.026414238
2.216595195
1.905861043
1.512044189
1.694162657
2.252753056
1.995066165
2.522471825
1.342347462
1.681664672
1.364084968
3.063049755
3.8741481
4.541232393
3.984296786
3.825936188
3.982033051
4.220421234
4.31715744
4.318404083
4.422250488
4.376193878
6.509284392
5.014617539
0.483375479
0.939272339
0.697975718
0.657399969
0.545919712
0.219392212
1.311468086
0.771902284
1.80698742
1.666961856
1.219075871
1.918359825
3.571488082
2.55245311
3.906302398
3.50244012
3.089462341
3.302236023
3.373451263
3.684788444
3.516163269
3.492296661
3.489622101
2.245767044
3.821890873
2.063105534
2.604565864
1.589416921
1.828095876
2.084215574
1.81304715
1.515482473
1.592964758
2.304641014
2.781733411
3.248403661
5.014182305
4.21361623
3.996316515
3.896582874
3.849736053
3.812153839
3.788574646
3.817762054
3.872345581
3.897255981
4.668685311
2.085065557
1.594579952
0.19641481
0.263672394
0.829393145
0.545183581
1.125453267
0.504508041
0.797726148
1.658527698
0.698689935
1.919940674
2.237815343
3.051768242
2.35839801
3.072108088
2.967805939
3.183346313
3.29839386
3.355988342
3.377755524
3.351413452
3.433175598
3.137175842
2.115658351
1.573325836
1.10141833
0.177997299
0.518577466
0.443863529
0.140573944
0.744167411
0.228460892
2.158764743
0.929487496
0.693324147
1.684811628
2.42648438
3.204812256
2.088621124
2.306941956
2.815071302
2.616941315
2.691859894
2.715685547
2.781688843
2.812006805
2.765705902
1.344673203
0.539747604
1.372087826
0.587992771
0.674720423
0.509679588
0.340537293
0.383488338
1.035874655
0.833584311
0.993661303
0.791645447
1.419320581
1.678985985
2.218528362
3.410075804
2.626263457
3.814484521
3.070534611
3.036153564
3.187534363
3.44511145
3.966631283
3.616851379
3.323756487
3.012031345
0.866297082
0.568676635
0.276001343
0.847990189
0.811514276
1.324166443
2.124497419
2.897834406
2.238211059
2.790886229
3.46763102
4.858502031
4.151027495
5.164322582
4.841208846
5.286034919
4.559873779
4.506835815
4.485381317
4.496572815
4.429498932
4.350912231
2.995915482
3.393569108
2.078018052
3.448519246
1.525708813
2.219648421
1.398638306
1.701249849
2.213329229
1.884613397
2.795659589
2.508890325
3.152045649
4.010301614
3.882216436
4.314212846
5.885884011
4.016601682
4.117415619
4.25527948
4.292415771
4.227109558
4.273219635
4.162786102
2.866973602
4.01162567
2.958858386
1.890950623
2.00539209
2.609267651
2.220137482
2.476945396
2.238588313
1.463196765
1.289969426
1.62192466
2.821891805
4.446124227
3.963431508
4.459837059
4.588582168
5.460056131
4.98783581
4.827453918
4.897013763
4.975389587
4.942838196
4.335485016
3.483530368
6.2814719
1.486924648
0.466341139
0.486911456
0.445290209
0.378895918
0.583074062
0.296498901
0.507372455
0.616518538
0.347231182
1.821501333
1.765322068
2.993402518
3.226173017
2.765940223
2.731529327
3.019145416
3.203275909
3.395560242
3.579620453
3.710543701
3.636213013
1.756400024
2.348471081
1.002326818
0.533633922
0.599974602
0.952176896
0.569694473
0.62376059
0.374421936
0.377878494
0.610798492
1.06293364
2.28515738
3.334380373
3.13058497
3.45399273
3.646597565
4.053708801
4.25007635
4.331904785
4.375805603
4.417668457
4.535091553
5.254257088
3.231437671
2.798311578
1.816606145
0.95146291
0.844685488
1.086839701
1.19946483
1.259392522
0.425385895
0.945274451
0.899179013
1.679844759
2.852862879
2.906516916
3.339147639
4.277940131
4.966102838
4.420352112
4.511377655
4.647892273
4.777434509
4.864936523
4.893784546
4.257999084
0.945966133
1.00408613
0.439014444
0.779416465
1.227555537
1.561118592
1.715922442
1.321655108
0.993120023
1.165519418
1.577265839
1.670059135
1.645276825
2.163098265
2.220139282
3.237701328
3.931168177
3.266378987
3.409815857
3.596636627
3.8053927
3.955812653
4.045510864
4.076214496
2.54107573
3.483642559
1.256473531
0.196769745
0.809829184
1.038518683
0.746583336
0.415669655
0.879616948
1.253406707
1.176700909
0.450549533
1.624163413
2.570072856
3.504180926
3.202423515
2.620622617
3.504084705
3.083781708
3.377164948
3.628736572
3.801210022
3.924921631
5.606275522
0.921566635
1.361548506
0.38168942
0.135242706
0.322735531
0.346348845
0.882293353
0.110709885
0.144548203
0.407437324
0.866386403
0.110994751
0.768354169
2.067742082
1.980421596
2.888744566
3.079590197
2.66014209
2.873007904
2.929347748
3.331676331
3.678941101
4.295543339
3.62382663
1.577984626
3.972334216
2.537965868
1.16549091
0.111437607
1.422034307
0.888557429
0.748622656
1.282893651
0.581804431
0.574523465
0.636081124
1.540967561
2.727811969
2.394052649
3.213604165
3.715042668
3.679783423
3.975737854
4.155348816
4.420593811
4.46447821
4.438705444
4.043951215
3.822079271
3.414026067
1.595820035
0.193049683
0.225422287
0.267616913
0.246563122
0.241148209
0.254201065
0.432375754
0.750611493
0.409996029
1.644554002
1.980551185
3.299269295
3.011665536
3.794577426
3.280074413
3.160479309
3.382332886
3.449035156
3.748529968
4.065274449
3.718001709
3.795383939
1.94274769
1.257315047
1.400160587
1.129266272
0.74647316
1.171026565
0.527396805
1.302391897
1.163536328
0.531623484
0.958491226
1.957071747
3.72975546
3.567908669
4.799251234
4.495921514
4.825244169
4.481493286
4.637346252
4.73174054
4.812869324
4.824845276
4.306880463
2.344015179
3.939386993
1.594430778
0.478711267
0.780753352
0.691584754
0.520484141
1.005393214
1.643700231
1.107967691
1.260852205
0.451145371
1.879736354
2.405635653
3.704349492
3.441615388
4.264445508
3.837263782
4.228205055
3.822066376
3.96140625
4.354131439
4.320663452
6.446565681
3.676260678
3.028513742
1.342150024
1.33756407
0.444584212
0.242940151
0.120737038
0.157154312
0.21124202
0.61857927
0.264318787
2.182650953
2.51550404
3.205894889
2.987136578
3.633485629
3.332061627
3.413060547
3.481568878
3.522587799
4.065792275
3.848309296
3.940429871
4.033262296
3.808640695
2.484445676
2.226355447
1.529387563
1.02594553
0.937388513
0.715778046
1.246994466
0.645346773
0.662945426
0.434062565
0.493844161
1.528420933
2.391770706
3.01452756
2.986331684
3.178218601
2.916357716
3.045077423
3.231949768
3.288932709
3.397883087
3.506584442
9.750752459
3.910046773
4.161036005
2.771150944
0.764652475
0.43526716
0.887999547
0.483592976
0.0846045
0.346034275
0.926584596
0.729003732
0.285535449
1.654881728
1.331172195
1.846985961
1.675858153
2.462278224
2.376076019
2.741279266
2.95007019
3.432419189
3.306764404
3.425873779
3.172365356
1.774750519
2.325768495
1.040516716
0.359501912
0.254110866
0.40398
0.883697
0.132821
0.787759
0.390684
0.201625
0.357034
1.53723874
0.931486927
1.322116277
1.265032379
1.442357699
1.540532288
2.081571777
2.596801758
2.830965576
3.213159729
3.500571167
3.087831477
1.75903726
3.658250348
0.502201
1.293281
0.27053
0
1.079582
1.238569
0.889491
0.299347
0.152467
0.278807
0.469747
1.179464
1.752769
0.4892
0.346311
0
0.041638611
0.112154495
0.118932159
0.150529739
0.159287903
0.093786758
1.680449
0.381219
0.242721
0.190367
0.000908
0
0.032913
0.878749
1.433754
0
0
0.583621
0.00921
0.84364
0.869135
0
0
0.256404375
0.10121
0
0
0
0
1.20469
0
0.786432
2.367431
1.283139
0.840079
0.284704
0.153337
0.706485
1.141033
0.548488
0
0
0.433545
1.17984
1.37034
0.365368
0.842719
0.305513
0
0
0
0
0.543511
0.858582
0.176841
1.965125
0.959845
1.51876
0.301293
0.802894
0.78285
0.323991
0
0
0.642689
1.230533
0.742813
0.08396
0.521734
0.174957
0.212345
0.041429
0.491293
0.275535
0
0
0
0
1.646021
1.542599
0.588295
0.306979
0.276767
0.354411
0.205779
0.649586
0.304875
1.766592
0.600723
0.583032
0.486222
1.05465
0.690985
0.585778
0.519899
0.141616
0
0
0
0
0
0.854733
1.081399
1.189972
0.426043
1.183248
0
0.178999
0.691439
0.270255
0
0.220316
1.262903
0.334844
0
0.476446
1.462457
1.035757
0
0
0
0.112209
0
0
0
1.647431
5.395538
3.524395
1.975307
0.218178
0.346767
0.569704
0.312302
0.567654
0.205065
0.724328
0.339765
0.837387
1.292536
0.679666
0.744324
0
0
0
0
0
0
0
0.1234
0
0
0.802653
0
0
0
0
0
0
0
0.005662
0.521528
0.572717
0.159139
0.725308
0.989744
0.468452
0.430196
0.506216
0.024226
0
0
0
0
0.800102
3.449142
4.192952
0.1387
0.386556
0.208765
0.295945
0.013424
0.343378
0.5287
0.43503
0.37782
0.083324
0.560078
0.348002
0.264749
0.455408
0.310806
0
0
0
0
0
0
0.155689
0.294898
2.251369
0.855119
0.450288
0.582309
1.055937
0.50758
0.089749
0.03754
0.306935
0.425355
0
0.515755
0.247708
0.315217
0.631348
1.534288
0.264022
0
0
0
0
0
1.365457
3.306473
1.163782
0.378822
0.06621
0.530496
0.399822
0.364367
0.602782
0.129971
0.297108
0.695968
0.020033
0.996843
1.134241
0
0.147152
0.182998
0.214573
0
0
0
0
0
2.26682
1.846816
0.950138
0.879532
0.44014
0.276364
0
0.989144
0.368684
0.048352
0.813568
0.862551
0.288547
0.324023
1.530191
0.166413
0.348525
0
0
0
0
0
0.525855
0.154608
1.803062
0.152965
2.976573
1.987738
0.270696
0.490727
0
0.183771
1.066265
0.571588
0
0
0
0.598408
0.05189
0.649947
0
0.777821
0.416463
0
0
0
0
0
2.720426
1.234975
2.516841
1.048349
1.501451
0.468366
0
0.855066
0.843714
0.198811
0.13723
0.346483
0.228706
0.232782
0.798751
0.579397
0.471577
0.371623
0.188613
0
0
0
0
0.35676
4.068433
3.12723
1.519372
0.737101
0
0.673807
0
0
0
0
0.10628
0
0.240161
1.263949
1.173042
1.475968
0
0.609033
0.158786
0
0
0
0
0
0
1.133411
2.859835
1.276824
1.478755
0.286485
0.28602
0.710431
0.57472
0.404925
0.689012
0.304506
0.598472
0.448925
0.563259
0.980685
0.994696
0.754977
0
0
0
0
0
0
2.290372
4.71563
2.589458
1.371777
0.692021
1.054501
0.66506
0.288178
0.760678
0.914187
0.226285
0
0.022837
0.112652
0.82557
0.649134
0.554172
0.775567
0.182435
0
0
0
0
0
0
0
0
1.052012
1.150343
0.491452
0
0.381625
0.246993
0.207061
0.229237
0
0.211229
0.183745
0.922647
0.34121
0.988726
0.140866
0.339075
0
0
0
0
0.054526
3.865724
2.56602
2.925855
1.042663
0.144416
1.809905
1.09978
0.39828
0.918052
0.272718
0.964932
0.725703
0.568845
0.356207
0.60171
0.983718
1.218439
0.465299
0.102838
0
0
0
0
0
0.683035
2.954414
2.443972
1.773697
0.978565
0.056211
0.911875
0
0.934394
0.374553
0
1.262143
0.162627
0.657066
1.06988
1.492011
0.214794
0.219264
0.34761
0
0
0
0
0
0
0.405892
1.839653
1.562438
0
0.247879
0.216051
0.252838
0.532
0.20745
0
0
0
0.145842
1.096233
0.938249
0.234834
0.444229
0.809153
0
0
0
0
0
1.943435
5.173358
4.879499
0.473947
0.680289
0.411056
0.684889
0.22157
0.133556
0.335634
0
0.488621
0
0.399215
0.468406
0.847971
0.689032
0.074662
0.178781
0
0.286145
0
0
0
0
1.798398
1.696083
1.924407
0.7179
0
0.344737
0.564876
0
0.249329
0.524569
0.879564
1.075824
0.081229
1.090416
0.391291
0.771406
0
0
0
0
0
0
0
0
0
0.540029
1.112925
0.17991
0.181971
0.133008
0
0.430205
0.242053
0.20544
0.519749
0.490493
0
0.723982
0.379707
0.727181
0.387978
0.157328
0
0
0
0
0
0
0
0.606234
1.530313
0.259373
0.782933
0
0.615781
0.434602
0.192145
0.731005
0.654328
0.85125
0.486095
0.60371
0.762095
0.319613
0.47605
0
0
0
0
0
0
0
1.745891
0.913022
0.395504
0
0
0.235163
0
0.073104
0
0.234372
0.107964
0.129324
0.18942
0.614837
0.527746
1.501819
0.606982
0.334652
0
0
0
0
0
0.734811
0.336408
1.16142
1.361468
0.99776
0.567212
0.297729
1.003007
0
0
0
0.682953
0.50017
0.063123
0.325904
0.553524
0.004706
0.345491
0.499066
0
0
0
0
0.049936
1.962485
3.030303
1.785031
1.807499
0.19341
0.48615
0
1.709845
0.254794
0.540801
1.179843
1.327453
0.227048
1.473573
1.265606
0.56589
0.162351
1.046529
0.671482
0.299378
0
0
0
0
0.12259
2.672337
0.341539
0.310906
0.35947
0.271133
0.256646
0.715323
0.433419
0.59314
0
0
0.236154
0.678457
0.977181
0.743114
1.153891
0.0805
0.189728
0
0
0
0
0
0
3.2254
1.761557
2.107089
0.428676
0.043903
0.09609
0.458283
0
0
0.12052
0.394432
0.815074
0.584075
1.071441
1.720926
0.280376
0.465278
0
0
0
0
0.01428
0.171234
1.755241
1.564486
0.509342
1.251046
0.232718
1.43246
0.282978
0.713579
0.325892
0
1.434207
1.442868
0
0.135856
1.178373
0.23154
0.184191
1.388795
0.93479
0
0
0
0
0
0
0
0
1.048987
1.030644
0.957772
0
0.198592
0.143789
0.812755
0.138135
0.510416
0.331277
0.609695
0.50063
0.59465
1.065889
0.634135
0
0
0
0
0
0
0.232258
5.701184
1.321098
0.897273
0.408404
0.196485
0.800042
0.42112
0.343259
1.501757
0.903227
1.402443
1.058581
1.264306
0.168419
0.581209
1.070505
0
0.205513
0
0
0
0
0.245002
0.091902
1.424291
3.059822
1.340869
0
0.29614
1.191089
0.463712
0
0.082061
0
0.608451
0.151293
0.907321
1.076967
1.306019
0.790743
1.355817
0.358317
0
0
0
0
0
1.260885
4.860245
2.848439
1.804738
0.98884
1.28516
1.289152
0.452101
1.179991
1.037407
0.228212
0.310995
0.531903
0.348607
0.323914
0.383124
0.082316
0.407107
0
0
0
0
0
0
0.411951
2.097287
4.842157
1.310948
0.24092
0
0.479641
0
1.306508
0.112695
0.446609
0
0.345006
0.082696
0.517269
0.924454
0.526985
0.928501
0.063256
0
0
0
0
0
0.168088
1.8893
3.294762
1.50348
0.287309
0.086311
0
0
0.286459
0.066675
0.154581
0.838823
0
0.672993
1.405566
0.840108
0.258669
0.091922
0.427078
0.301551
0
0
0
0
1.303685
1.939494
0.830705
0.538539
0.563337
0.817372
0.926527
0.533276
0.618289
0.142744
0.421627
0.775928
0.141241
0.436186
0.706197
1.249926
0.668654
0.085665
0
0
0
0
0
0
2.268498
0
0.390208
1.77949
0.637078
0.888738
0.18417
0.422952
0.810995
0.376013
0.446072
0.586273
0.85175
0
0.712465
0.360519
0.34319
0.571822
0
0
0
0
0
0
0.265778
2.66992
2.059685
1.375038
0
0
0.237563
0.107797
0.304882
0.379
0.808272
0.994173
0.403205
1.464296
1.342441
1.747521
0.776759
0.48787
0.267662
0
0
0
0
0
0.562787
0
0.669118
0.829514
0
0.387478
0.563139
0.220147
0
0
0
0.741545
0.260334
0.638022
0
0.591991
0.290227
0.532768
0
0
0
0
0
0.065469
0.501707
2.772501
3.478072
0.965968
0
0
0.558484
0
0.562533
0.551186
0.575888
0.993177
0.227463
0.905733
0.818337
0.47709
0.300858
0.357381
0
0
0
0
0
0
0
0.310781
1.887696
1.776013
0.327246
0.18364
0.788272
0
0.137953
0.010025
0.524054
0.387468
0.352179
1.270605
1.344972
1.201298
0.190149
0.409812
0
0
0
0
0
0
0
1.091767
2.277108
1.358694
0
0.414494
0
0.042186
0.252663
0
0.413472
0.150008
0.610162
0.889195
0
0.31478
0.528771
0.638254
0
0.451047
0
0
0
0
0
1.928151
1.179093
0
0.801571
0
0.273583
0.222505
0
0.199914
1.199033
1.785967
0.551191
0.997537
0.581797
0.378931
0.308787
0.925873
0
0
0
0
0
0
0
0
0.271405
1.033638
1.567902
0.938911
1.342455
0.627814
0.670708
1.258733
0.226819
0.465617
0.292997
0.678518
0.223139
1.396433
0.557701
0.713145
0.146456
0
0
0
0
0
0
1.521078
0.706201
1.041898
0.208363
0.726954
0.520487
0.67054
0.312867
0.540648
0.868064
0.334516
0.298415
0.302583
1.231351
0.015975
0.215422
0.148103
0.104513
0
0
0.280342
0
0
0
0
1.42432
1.544797
0.536222
0
0.519784
0.187383
0.435259
0.371944
0.649034
0.032986
0.380973
0.92296
0.8467
1.25512
0.397218
0.181352
0
0
0
0
0
0
0
0
0
0.592671
0.297016
0.632053
0
0.208146
0.415814
0.442968
0.52511
0.530242
0.741928
0.418477
0.386755
0.748562
0.122234
0.341653
0
0
0
0
0
0
0.237614
1.895566
3.590085
1.202262
0.45151
0
0.149767
0
0
0.248777
1.333047
0.336277
0.279797
0.585997
0.952642
1.517043
0.299283
0.424669
0
0
0
0
0
0.163499
3.237069
3.410768
2.877311
1.009898
0.851051
0.202253
0.644396
2.535578
0.844994
1.017204
0.282597
0.465592
0.076939
0
0.280438
0.153269
0
0.054446
0.351929
0
0
0
0
0
0
0
0.881858
0.251792
1.257384
0.555128
0.362061
0.84106
0.799081
0.198355
0
0.818652
1.110175
0.494456
2.226217
0.211143
1.017939
0.462854
0
0
0
0
0
0
0
1.462477
0.802758
0
0.189367
0.823546
0.444593
0.57707
0.342829
0.09703
0
0.787171
0.478492
0.057098
0.749627
0.478688
0.747226
0.82841
0
0
0
0
0
0
0
0.430103
0.88093
0.859021
1.533316
0.316821
0.650149
1.304737
0
0
0
0.594583
0
0.314496
0
0.435012
0.497807
0
0.21679
0
0
0
0
0.512873
0.330539
2.677226
2.806335
2.411063
0.866715
0.83713
0.95085
0.441821
0.43759
0.403655
0.358802
0.806589
0.327533
0.540119
0.443119
0.387414
0.594997
0.375936
0
0
0
0
0
0
0
0.015237
3.310664
0.396895
0.39238
0.454899
0.200862
0.528575
0.647243
0.80957
0.998409
1.181553
0
0.018474
1.433508
1.165157
1.005983
0.522381
0
0
0
0
0
0
0
0.385578
1.621449
0
0.264991
0
0.404218
1.005325
0.362817
0.790222
1.038283
0.719074
0.720354
0.643999
0.72673
1.134072
0.440681
0.47785
0
0
0
0
0
0
0.532821
1.263288
0.665286
0.478337
1.043474
0.98621
0.780738
0.959826
0.478863
1.257376
0.269242
0.266344
0.391472
0
0.599561
0.270148
0.67577
0.489841
0
0
0
0
0
0
0
0
0.29842
1.191598
1.185405
0.025449
0
0.335003
0.433535
0
0
0
0
1.123982
1.776621
0.312906
0.775684
0
0
0
0
0
0
0.188801
0
2.043402
2.703631
0.735369
0.947571
0.199937
0.608787
0.234118
0
0
0
0.563427
0.607641
1.009216
1.142549
0.740851
0.3273
0.481672
0
0
0
0
0
0
0
2.313559
2.264424
2.978759
1.077853
0.421314
0.216956
0.407933
0.431594
0.203202
0.797464
0.291702
0.29462
0.243408
0
0
0.390158
0.756975
0
0
0
0
0
0
0
0
4.754086
0.501395
0.185947
0
0
0.234885
0.723885
0.8659
0.123851
0.444887
0.588178
0.651015
0.887611
0
0.47365
0.254051
0.428408
0
0
0
0
0
0
0.349688
0.861317
1.377064
1.10828
0
1.260924
0.239818
0.011024
0.092579
0.282747
0.331649
0.215151
0.349862
0.734941
1.42204
0.611257
0
0
0
0
0
0
0.170073
1.81007
2.131715
1.590981
1.053993
0.946327
0.386866
0.141819
0.478839
0.453
0.604011
0.712302
1.247785
0.228627
0.681846
0.719409
0.84756
0.813215
0.589371
0.572573
0
0
0
0
0
0
0.836915
2.52924
1.757759
0.803768
0.581463
0.291417
0.690852
0
0
0
0.172918
0.238708
0.168129
0.122536
0.354444
0.325183
0.756687
0
0
0
0
0
0
0
0
1.445103
1.466123
1.688541
0.886898
0.93472
0.23417
0.726573
0.378628
0.031643
0.454774
0.444079
0.432909
0
0.299915
0.221267
0.228385
0
0
0
0
0
0
0
0
0.604258
0.514023
1.376337
0.609264
0.912339
0.351863
0.323419
0.695315
0.661352
0.875307
0.421959
0.272959
1.212774
0.658591
0.306613
0.454736
0.375349
0
0
0
0
0
2.309206
2.084697
1.291902
1.092639
0.177257
0.798522
0.310176
0
0.800506
0.999523
0.668181
0.62346
0.176315
0.093034
0.431384
0.746751
0.836408
0.149607
0.15468
0
0
0
0
0
0
2.438348
1.037617
1.354881
0.45494
0.278294
0
0.364843
0.34417
0
0.126422
1.187949
0.303652
0.313586
1.415172
0.428539
1.083556
0
0.254356
0
0
0
0
0
0
1.810553
2.899944
1.513742
0.703535
0.233776
0.654662
0.305545
0.07813
0.331381
0.559924
0.556548
0.354081
0.660773
0.92205
0.468805
0.41947
0
0.231565
0
0
0
0
0
0
0.403047
4.760744
1.736083
0.002686
0.105238
0.076129
0.111447
0.198913
0.96714
0.333765
0.318189
0.333133
1.580154
0.955528
1.156337
0.237248
0.567387
0.204666
0.080465
0
0
0
0
0.266989
0.441482
1.25942
0.567506
0.570638
0.241787
0
0.5961
0.147143
0.258334
0
0.246924
0.350981
0
0.668633
1.039186
0.580723
0.256843
0.615582
0
0
0
0
0
0
1.215883
1.098942
0.333905
0.249004
0.22084
1.134219
0.464775
0.291357
0.646532
0.345142
0.340082
0.458742
0.193995
0
0
0.369165
0
0.082709
0
0
0
0
0
0
0
0.378662
1.125057
1.100026
0.143817
0.222463
1.319301
0.274111
0.233196
1.059834
0.727282
0.670266
0.981024
0.97558
0.844612
0.341895
0.314742
0
0
0
0
0
0
0
0.327317
2.149276
1.756325
0.12033
0.237851
0
1.034582
0
0.295894
1.483155
0.469991
0.547623
0.749351
0.763026
0.819672
0.854013
0
0.316005
0
0
0
0
0
0
2.403234
0.972205
0.812411
0.414509
0.251257
0.100274
1.789135
0.423125
0.28465
0.705011
0
0.567561
0.293862
0.88138
1.435276
0.772534
0.214323
0
0
0
0
0
0
0
0
0.709283
0.52077
0.117306
0.151867
0.427516
0.172585
0.11914
0.64214
0
0.017555
0.559747
0.270395
1.025991
0.198218
0
0.320084
0.881865
0
0
0
0
0
0
0.108579
1.194161
1.820292
0
0
0
0
0.133608
0
0.353277
0.016697
0.559208
0.860203
0.896298
0.460659
0.392024
0.026762
0.101001
0
0
0
0
0
0
0.860037
1.004947
0.326765
1.065276
0.339583
1.169699
0.189188
0
0.642565
0.994297
0.8553
0.171911
0
0.519108
0
0
0.065517
0.432985
0
0
0
0
0
0.90109
0
0.727766
0
0
0.304331
0.595472
0
0
0
0.216399
0.093608
0.045042
1.040108
0.424743
0.274636
0
0
0
0
0
0
0
0
0
0.057961
1.397017
0.292135
0.153912
0.718982
1.264204
0.525828
0.427667
0.563994
0.789255
0.805667
0.42794
0.698633
0
0.567641
0
0.054215
0
0
0
0
0
0
0
1.255148
1.040667
0.739357
0.915287
0.948772
0.933727
1.172878
1.159352
0.188215
0.527617
0
0
0.259293
0.930786
0.458405
0.105459
1.049678
0
0
0
0
0
0
2.482249
1.813548
0.996807
0.228064
0.281827
0
0.366971
0.29909
0.047849
0.109359
0.693507
0.198163
0.213755
0.101725
0.690549
1.393648
0.494427
0.659127
0.116457
0
0
0
0
0
0.45115
0.676221
0.896576
0
0
0
0
0
0.392488
1.032482
0.9926
0.50112
0
1.237318
1.782105
0.656859
0.043873
0.265653
0.188289
0.102519
0
0
0
0
0
3.329403
1.772373
1.140713
0.866354
0.62224
0.476315
0.220728
0.438068
0.233658
0.34661
0.279183
0.853159
0.605711
0.185978
1.00885
0.213583
0.900366
0
0
0
0
0
0.497026
1.223748
0
1.856068
0.590443
0.355353
0.264394
0.163212
0.014688
0.46971
0
0
0.23946
0.146718
0.174214
0.638941
0.561051
0.92964
0.41243
0
0
0
0
0
0
0
0
1.151863
0.308627
0.559019
0.213676
0.134496
0.967774
0.104507
0.00521
1.657829
0.908187
0.403319
0.16914
0.602202
1.003386
0.782816
0.501619
0.530162
0.312528
0
0
0
0
0.440895
1.399921
1.582187
0.910272
0.209154
0.138761
0.221402
0.296725
0.670357
0.129148
0.214541
0
0
0
0
0.369548
0.254508
0.300491
0.28509
0
0
0
0
0
1.994699
2.638079
0.664933
1.264689
0.488134
0.927462
0.239868
1.171747
0.470475
0.846246
0.420229
1.524598
0.392347
0.730804
0.451097
1.26205
0.236143
0.567981
0.68571
0
0
0
0
0
0.699319
0.482738
1.418372
0.159259
0.648871
0.146689
0
0.421928
0.165362
0
0.390772
0.264149
0.747299
0.338253
1.020362
0.133975
1.371428
0.407439
0
0
0
0
0.220041
0
0
2.195533
2.016248
1.594698
0.686108
0
0
0.374607
0.525623
0.118599
0.17076
0.15223
0.380039
0.295359
0.662623
0.532333
0.080741
0.856478
0.353463
0.119918
0
0
0
0
0
3.420569
3.508945
1.620059
0.358965
0.903611
0.278516
0
0.796543
0.60129
0.229945
0.778289
0.892385
0.349519
0.260987
1.32296
0.77017
0.807249
0
0.385518
0
0
0
0
1.435604
1.969725
2.81264
1.481361
1.152786
0.681966
2.086244
0.699617
0.391022
0.181876
0.873822
0.44696
0.216816
0.42922
1.315071
0.696025
0
0.384727
0.281551
0
0
0
0
0
0
0.312655
0.928349
1.480823
2.201015
0.570145
0.308731
0
0.117928
0.425574
0.979231
0.649257
0.4539
0.384201
1.231606
0.602093
0.650435
0.894803
0.451149
0
0
0
0
0
0
0
1.413586
1.771664
0
0.545674
0.282614
0.589482
0
0.141966
0.639261
1.044357
0
0.494826
0.455691
0.594937
0.495195
0.468672
0
0
0
0
0
0
0
2.402002
0.465645
0.996788
0.144006
0.319981
0.314264
0
0
0
0
0.217235
0.317626
0.75504
1.442056
0.339285
0.144822
0.125356
0.414145
0
0
0
0
0
0
0
0
1.107008
0
0.678631
0.16479
0.514162
0.269108
0.343489
0.93357
0.31819
0.13808
0
0.147851
0
0
0.039081
0.581765
0
0
0
0
0.380276
0
1.371206
3.625764
2.472751
0.381043
0.596754
0.143231
0.998104
0.352523
0.495064
0.280338
0.790593
0.237758
0.719262
2.12308
1.450217
0.955965
1.582463
0.513753
0
0
0
0
0
0
0
0.605834
0
0
0
0
0.320496
0.234189
0.953983
0.226513
0.499403
0.293655
0.998024
0.327857
1.066391
0.285301
0.021792
0.160241
0
0
0
0
0
0
0.261133
2.85844
2.323102
0.602721
0.352162
0.888361
0.389181
0.345449
0.024848
0.347779
0.430603
0.347529
0.840766
0.441233
0.200795
0.537645
0
0
0
0
0
0
0
0
0.503935
1.228513
0.679883
0.923583
0.885858
0.614143
0.41855
0
1.505016
0.137986
0
0
0.110982
0.157209
0.44659
0
0.299673
0.136246
0.274144
0
0
0
0
0
0.725681
0
0
0.567857
0.15398
0.249825
0.380649
0.251892
0.05743
1.049103
0.74116
0
0
0.453875
0.408667
1.209371
0.720122
0.644053
0
0
0
0
0.405117
0.637113
2.784575
1.553746
0
0.607495
0.190062
0.250411
0.288356
0.248377
0.165042
0.337194
0.577035
0.311035
0
0.923921
0.257706
0.695285
0
0
0
0
0
0
0
0
0
1.036981
0
0
0.746587
0.622184
0.153006
0.275444
0.389033
0.387686
0.361297
0.56616
0
0.447496
0.626179
0.336208
0
0.698647
0
0
0
0
0
0
0.484147
0
0.445779
0.215722
0.424404
0
0.225184
0.8663
0.482736
0
0.723292
0
0.925032
0.442426
0.458136
0.323385
0.053022
0
0
0
0
0
0
0
0.750602
0.53754
1.20214
1.417434
0
0
0
0
0.289569
0.445522
0.321865
0.502605
0
1.542456
0.760663
0
0.410684
0.284192
0
0
0
0
0
2.940404
4.388443
1.975681
1.824869
0.401253
1.040019
0.839949
0.234933
0
0
0.151949
0.198513
0.197536
0.385625
1.408022
0.529449
0.380231
0.305547
0
0
0
0
0
0
0
0.97434
0.782965
0.712144
0.607637
1.12327
0.895684
1.293661
1.000112
0.868314
1.241232
0.281928
0.796057
0.243466
0.134578
1.09651
0.492653
0.367687
0.194609
0
0
0
0
0
0.257054
0
0
1.355118
0.100811
0.181694
0.607592
0.213383
0.210193
0.874447
0.278144
0.477423
0.434304
0
0.323148
0.586075
0.345269
0.787351
1.040752
0.564516
0
0
0
0
0
0.266596
2.49419
0.849499
0
0
0
0
0.284868
0
0
0.489136
0.22107
0.18283
0.143439
0.841839
0.453447
0.180721
0.430131
0
0
0
0.463159
0
0
0.490909
2.736361
0
0.098536
0.334739
0.282967
1.236118
0.94996
0.395084
0.490027
0.497742
0.37706
0
1.69155
0.778232
0.27569
0.466819
0
0
0
0
0
0
0
0
0.143405
2.306835
1.486854
0.399499
0.686874
0
0.480948
0.57996
0.540905
0.838532
0.647624
0.250917
1.322976
0.914228
0
0
0
0
0
0
0
0
0
0.527847
3.171111
1.363054
1.02503
0
1.041322
0.348327
0.571069
0
0.52871
0.350501
0.455751
0.394493
1.256997
0.450307
0
0.473671
0
0
0
0
0.207657
0
1.005831
1.980457
1.517668
1.408723
0.656302
0.325608
0.358703
0.735299
0.266293
0.431084
0.825461
1.431128
0.969369
0.67183
0.444756
1.308078
0.158227
0.885827
0
0
0
0
0
0
1.47888
2.663384
0.718123
2.097579
0
0.64888
1.180111
0.153403
1.254949
0.193546
0.28077
0.157899
0.622661
0.057866
0.470063
0.985576
0.277994
0.472843
0
0
0
0
0
0
0
0
2.300503
1.293806
0.928032
0.455098
0.401045
0
0.272576
0.05048
0.096178
0.792092
0.35421
1.294937
0.643891
0.505674
0.302311
0.784859
0
0.291787
0
0
0
0.265319
1.167587
3.065941
2.959156
1.267746
0
0
0
0
0.31676
0.351925
0.241381
0.882374
0.201878
1.334626
0.257472
0
0.494633
0.742214
0.025116
0
0
0
0
0
0.428922
2.233974
2.463782
0.760876
0.191744
0.308078
0.42289
0
0.096784
0.646124
1.410838
0.486753
0.036488
0.585137
0.778578
0
0.472158
0.692105
0
0
0
0
0
0
0.155474
0.659474
0.193357
0.9708
0.547816
0.336471
0.171028
0
0
0
0.355619
0.165945
0.108146
0.162161
1.117352
0.894218
1.171525
0.187335
0.408914
0
0
0
0
0.081705
2.632082
3.851296
3.291547
0.973673
0
0
0.215606
0.248585
0.736216
0.384579
0.046164
0.670576
0.250877
0
1.9735
0.363222
0.358749
0.531017
0.16844
0.121001
0
0
0
0
0
2.703466
1.333573
1.238916
0.36198
0.177434
1.354803
0.610654
0.565911
0.550124
0.757013
0.580855
0.676381
0.842353
1.027708
0.40927
0
0.070353
0
0
0
0
0
0.015019
2.478942
1.947638
1.388764
0.438692
1.019899
0.248435
0.447463
0.428653
0.607302
0.165873
0.473081
1.145071
0.247844
0.219823
0.365175
2.174753
1.185017
0.377113
0.25888
0
0
0
0
0
0
0
0.307018
1.331816
0
0.752542
0.953379
0.530071
0.425994
1.442107
0.669403
1.347037
0.450309
0.509667
0
1.034426
0.196579
0.600489
0.339456
0
0
0
0
0
0
2.236689
2.307994
0.252406
0.351949
0.393796
0.544191
0.377118
0.194873
0.212694
0.562319
0.146086
1.381889
0.891251
1.525176
0.427125
0.383542
0.514199
0.098927
0.134747
0
0
0
0
1.247149
4.226324
1.263661
0.228152
0.692242
1.076009
0.405978
0.462339
0.60376
0.622049
0.322489
0
0.667472
0.386303
0.816099
0.24728
0.488208
0.143587
0
0
0
0
0
0.177189
3.225619
3.079234
1.790389
0
0
0
0
0
0
0
0
0.261475
0.273476
0.079764
0.368772
0.198222
0.17662
0
0
0
0
0
0
0
1.00546
0.692348
1.229805
0.646031
0.07759
0.138332
0.285121
0
0.182775
0
0
0.147449
0
0.481186
0.338594
0
0
0.294882
0
0
0
0
0
0
1.17047
1.009935
2.967626
0.676421
0.953958
0.467609
0.360905
0.747862
1.200737
0.010567
0.501105
0.931873
0.548689
0.636451
0.668845
0.673709
0.352801
0.295843
0.489175
0
0
0
0
0
0
0.494035
2.113597
1.449654
0.70581
1.099348
0.934483
0.289672
0.604145
0.439792
0.443595
0.076701
0.764922
0.749682
0.594212
0.836333
0.482472
0
0
0
0
0
0
0
0
0
0.335445
0
0.279085
0.418196
0.276402
0.821847
0.654856
0.257679
0
0.994386
0.628333
0.514808
0.250882
0.382583
0.376544
0.571311
0
0.232397
0
0
0
0
0
0
0.684551
0.432742
1.131074
0.520784
0.207535
1.419077
0.59416
0.028674
0.689328
0.25589
0.632423
0.288389
0.541729
1.026422
0.431648
0.116486
0
0
0
0
0
0
0
0.125351
0.597514
0.903257
0.744218
0
0.09723
0.923665
0.157452
0.514139
0.479002
0.184401
0.147086
0.104284
0.473733
1.438603
0.44592
0.394113
0
0
0
0
0
0
0.651334
2.021627
4.587066
0.743412
1.166852
0.364499
0
0.386903
0
0
0.402755
0.134838
0.275272
0.33589
0.168951
0.987658
0.08395
0.67238
0.317501
0
0
0
0
0
0.499078
2.223126
2.128815
2.054541
0.949589
0.408934
0.280163
0.514793
0.298773
0
0.26342
0.243381
0
0
0
0.057758
0.248143
0.087225
0.238727
0
0
0
0
0
0.615809
0.645372
1.685636
1.433266
0.141161
0.027
0.658888
0.380368
0.545852
0.913987
1.030996
0.223076
0
0.741371
0
0.367839
0
0.037986
0
0
0
0
0.061865
0
0
0
1.343059
0
0.523326
0
0.509595
0
0.169492
0.551289
0
0
0.207851
0.216024
0
0.16688
0.3308
0.141761
0.249624
0
0
0
0
0
1.212465
1.73913
1.626343
1.359775
0.807621
0.98799
0.934379
0.524103
1.011665
0.952272
0.805431
0.913383
0
0.262418
0.283805
0.626353
0.475664
0.518788
0
0
0
0
0
0
1.075717
2.403812
3.559609
0.664987
0.262665
0.442191
0.616274
0.527782
0.518068
0.419313
1.345565
0.807279
0.500885
0.88182
0.642038
2.97365
0.198593
0.212525
0
0
0
0
0
0.072641
0.325019
2.219989
1.481279
1.816601
0.433621
1.152226
0.566181
0.272348
0.761666
0.237267
0
0
0.339435
0.318528
0.577442
0.573075
0.601488
0.304357
0.107178
0.062738
0
0
0
0
0
0.722414
1.642233
0.320592
0.722043
0
0
0
0.726769
0.348711
0.454196
0.492814
0.502783
0.529409
0.475387
1.453285
0.638571
0.820992
0.660856
0
0.20766
0
0
0
0
0
5.028278
0.798387
0
0
0.23781
0.509781
0.264629
0.745099
0.864274
0.493465
0.882054
0.623665
0.839765
0.398927
0.706712
0.529336
0.192601
0
0
0
0
0
0
1.285108
0.79592
0
0.189564
0.236652
0
0
0.414248
0.010788
0.286767
0.47278
0.279532
0.077767
1.665647
1.855904
0.256612
0.262137
0.186415
0
0
0.252855
0
0
0
0
0.26897
0.510513
0.489974
0.428601
0.099739
0.4306
0.509168
0.138454
0.521715
1.145681
0.791257
0.54632
0.157083
0.826861
0
0
0
0.355526
0
0
0
0
0.666534
0.13308
1.8754
1.428747
0.922939
0.339313
1.118808
0.955662
0.058015
0.257347
0.169843
0.289913
0
0.129476
0.550794
0.362877
0.255497
0.536843
0.642213
0
0
0
0
0.324297
2.770872
2.653771
0.5783
0.779129
0.277643
0
0.005825
0.693544
0.009831
0
1.194677
0.45997
0.331183
0.823557
0.700481
0.591477
0.316057
0.240766
0.261927
0
0
0
0
0
0
0
0.317529
0.36709
0
0.995603
0.311202
0
0
0.241999
0.189087
0.794696
0.881879
0.121423
0.770418
0.394498
0.355628
0.638411
0.768771
0
0
0
0
0
0
0.788199
0.70957
1.834933
0.130746
0.216643
0.24052
0.417572
0.158146
0.305886
0.195834
0.541686
0.624044
0.47692
0.672015
0.677994
0.465521
0.836425
0.466139
0
0
0
0
0.102286
1.437413
6.517727
3.016938
0.503555
0.488533
0.764624
0
0.251574
0.451701
0.561376
0
1.141457
0
0.909247
0.806679
1.239665
0.884452
0.224803
0
0
0
0
0
0
0
1.781267
1.368971
2.307295
0.605127
0
0
0.394833
0.399464
0.213477
0.288348
0.600242
1.464833
0.46773
0.174774
0.445686
0.140815
0.275098
0.53824
0
0
0
0
0.273135
0
0
0
0.489618
0.99289
0.38476
0.89502
0.55488
0.284603
0.143352
0.623194
0.851775
0.308253
1.195946
0.502495
1.015303
0.133677
0.261602
0.230064
0
0
0
0
0
0
0
0.636909
1.173667
0.151048
0.199485
0.500758
1.30701
0.684686
0.66819
1.43897
1.164962
0.631522
0.124246
1.038939
0.871097
0.229656
0.634457
0.182967
0
0
0
0
0
1.192202
0.591074
1.654734
1.905234
0.865043
0.342699
0.46625
0.801931
0.555686
0.001105
0.071653
0.582524
0.442565
0
0.212834
0.755441
0.588456
0.245994
0.422298
0
0
0
0
0
1.521203
5.617481
3.141333
1.089772
0.349048
0.709902
0
0
0
0
0
0.809407
0.31063
0.757476
1.704728
1.307955
0.434179
0
0
0
0
0
0
0
0
1.093602
2.229598
0.863969
0.692505
0.257228
0
0.584912
0
0.437814
0.342516
0.908055
0.173741
0.642052
0.919024
0.232533
0.792802
0
0.123883
0
0
0
0
0
0
0.114753
3.507039
2.555415
0
0
0.778592
0.802684
0
0
0.17992
0.117312
0.095704
0.638198
0.770556
0.897053
1.891468
0.293814
4.591796416
4.524075103
4.337365112
4.3656409
4.478551483
4.486506134
5.384503238
6.749918626
2.139442245
1.395852642
0.543508667
0.57259844
0.620019794
0.461919775
1.462874082
1.198867494
1.400812071
2.297496656
2.537733893
3.764762671
2.932141918
5.099688458
3.690396845
3.934565427
3.473670654
3.48911618
3.435688171
3.351436737
3.351904327
3.424426331
3.473853516
2.319460052
1.858455546
1.183072906
2.003943381
1.891242392
1.843689304
2.015710104
1.692431963
1.58179693
1.890287577
2.484256897
1.70083736
2.329947205
2.94721226
3.284361944
3.104453156
4.11414426
3.603363509
3.610727311
3.453090057
3.524270966
3.543231415
3.612173065
3.683047272
2.690471344
2.426824342
1.837466692
1.740539104
1.622000596
1.400089117
1.539207164
1.15645257
2.147099967
1.631822804
1.469886041
1.879489231
2.215126587
2.51990612
3.343438757
3.083739906
3.152178478
3.118815323
2.404287933
2.163974487
1.95910614
2.084681824
2.230403534
3.604570583
2.761041608
3.209754849
1.105257615
0
0.171702
0.164961
0.538612
0.42202
0
0
0.40312
0.833518
1.004207216
0.74867933
0.636619983
0.859355164
1.887761419
2.630013193
1.600508881
1.902915985
2.274203979
2.782068176
2.872790833
3.548540922
2.972465854
1.066446977
1.319575252
0.41855758
1.348272369
1.316484176
1.387082589
1.133314939
1.39789824
1.119266362
1.184312737
1.771113137
1.992436524
2.154398767
3.919600949
2.976657998
2.701691409
2.182406572
1.916235352
1.955923523
2.119255585
2.285495636
2.836336951
6.100541946
3.411661551
2.669432443
1.026982332
0.452793841
1.05763969
0.214966003
0.810282127
0.446286615
0.061543808
0.280699895
1.992217435
3.299485064
4.303116774
4.193955999
4.068027484
5.410008101
4.763269592
4.931066589
5.004912659
5.182873596
5.359091797
5.55977002
5.645259521
5.806701355
6.921224835
2.95499038
2.806309581
1.147382216
1.372114308
2.362835922
1.897163513
2.31631001
1.899971542
1.936269483
2.482913276
3.11023241
3.702594283
6.438435273
4.002342655
4.289782636
3.945345038
3.979409827
4.132766907
4.18868811
4.130041748
4.417782033
4.325267724
5.858585831
5.623171108
3.791825399
0.583617045
1.304442528
2.369761479
1.98036605
1.527587929
1.977101905
1.618832997
1.029000531
1.77249692
2.709938549
3.230428504
3.268808512
4.177051363
3.85157378
4.144241218
4.640457291
3.957642303
3.934348267
4.000438263
4.093638123
4.203977875
5.207515251
2.837591099
2.185257969
1.014796368
0.9712784
0.355884214
0.548321739
0.86056393
1.096514994
0.753671664
0.762738392
0.339217964
1.191553483
2.507852595
3.458015437
3.103363698
3.322973861
3.128567724
3.434580308
3.12819516
3.153512695
3.233065216
3.210081055
3.197934113
3.166456818
3.319379567
2.84399962
1.640436811
2.376305119
1.259238662
1.251812762
1.869760746
2.792551653
1.761556939
1.951205432
1.296784281
2.040727995
2.386560183
2.150092795
2.121176383
1.929389862
2.119439656
2.587154189
2.551102783
2.85594931
3.043170807
3.190599457
3.332404694
3.849576257
5.099429882
6.316583042
2.347087651
2.595862501
1.700386719
1.853040405
1.984440643
1.911199982
1.798073975
2.206773001
2.472931697
2.468663417
2.720838442
2.929598654
3.62099277
3.314406891
3.670340343
3.833665131
4.048185333
4.10579007
4.166279083
4.314191315
4.353799377
5.229997395
4.596622834
3.223156861
1.874248319
0.847645647
1.018494238
1.168193359
1.937690366
1.345650014
0.796010541
0.961973297
1.63555668
2.186795097
3.462156746
3.741829059
3.515936167
4.565837454
4.497795992
4.001108307
4.188536774
4.352442047
4.333913452
4.192033203
4.271719269
4.981097694
5.390780851
1.707182039
1.267751777
0.96296323
0.680856044
0.34180603
0.696647068
0.740163631
0.909493594
0.678104332
0.748586337
1.701641321
2.367283475
2.368517395
3.687435348
3.920471452
4.156165103
4.248756897
4.145782806
4.315624359
4.391126678
4.516246582
4.619479095
4.596782013
4.317346733
3.561195049
0.850188193
0.757681391
1.327924975
1.081280284
1.011511815
1.109862818
0.551099386
1.360486598
1.274861499
1.98838383
2.401234131
2.947645258
3.490559578
4.639936164
3.756591361
4.159274093
4.139865326
4.263756195
4.382911133
4.477524567
4.611617371
4.622018555
4.461437341
2.905729463
0.579207338
0.331969528
0.296388611
0.60941266
0.383716521
0.268584503
0.332748749
0.354880707
1.450907492
1.875123182
2.534872615
2.7268619
4.204084598
3.451572428
3.59704391
3.737206528
3.665997498
3.775645996
3.875205383
4.021816956
4.046927979
4.101381866
3.099290376
2.632292863
2.923004647
1.383489959
0.793380435
1.058815201
1.09464996
1.351997073
0.36904257
0.404133195
0.911639952
1.361585363
3.550659813
2.240666521
2.986829913
3.616234907
3.837785494
3.972753914
3.551136444
3.755881226
3.889407227
4.00947641
4.173716125
4.198225067
2.862993134
2.731608418
0.92990333
0.591203996
0.950528682
0.831301065
1.011124769
0.369665547
0.758000177
0.358126337
2.555577448
1.240621885
1.837498015
2.42351792
2.195737305
3.040036108
2.958471466
3.379191895
3.543540802
3.643985809
3.900213165
3.920221802
4.014555878
4.188785292
5.515627831
1.876776577
1.051841072
0.369418323
0.547859998
0.499374558
0.378764745
0.511313444
0.947408309
0.880021606
1.322557791
1.806963547
3.140771979
3.007597895
3.111546922
4.20094251
4.453004131
3.712918091
3.844447021
3.805456329
3.880523376
3.950478546
4.001217072
4.559385852
3.160905396
2.00350769
0.440662735
0.594104241
0.530384709
0.726059018
1.951260792
1.517044821
0.823788812
1.118117357
1.227939623
2.413203506
2.937360368
3.5388674
3.141976898
4.419714793
4.341078227
3.953785889
4.104826111
4.121682709
4.254452484
4.284179138
4.435772076
6.366662742
7.573543424
4.131142447
2.61589652
2.402600315
2.562601264
2.341947197
2.281735443
2.195937916
2.111396777
1.728371375
1.991831757
3.427607912
3.962504933
4.224425094
5.213828722
4.479416519
4.304187433
4.35758667
4.569545349
4.58394046
4.658434143
4.718879181
4.806205841
4.855518494
5.73144711
2.126307286
1.233298598
1.444493971
0.872231747
1.267676069
0.90928125
1.008401672
0.821911621
1.544519121
1.309971252
1.827576416
2.627363708
3.447633438
4.263927817
3.985820838
3.898402557
4.394486363
4.306439148
4.356224854
4.529424194
5.050097234
4.604959106
5.423221678
5.3755355
3.071715499
1.541357252
1.79571726
0.827043976
0.365503239
0.646239136
0.882848243
0.603399719
0.818296356
1.338207031
2.381751932
3.023081528
3.613265662
3.97563869
4.4168377
3.675460846
3.904687561
4.035458191
4.205996674
4.323915222
4.413386108
4.413455994
4.983290775
5.17048335
1.423241516
0.290750702
0.691831215
1.069532904
1.425034096
0.738719639
0.678609031
0.757025417
1.470808691
1.646388992
1.864152832
3.362505589
4.631591592
3.036557251
4.515710964
3.841886616
3.696211304
3.811842133
3.873293396
3.927357178
4.009562134
4.035944183
4.054527893
2.91800177
2.497304752
3.047870911
2.223001671
2.585202344
2.862777261
2.823629373
3.071415993
2.2126768
3.058131621
2.820826477
2.431940793
3.382802602
3.303376239
3.61209155
4.130712616
4.086264408
3.564186035
3.616686127
3.566877563
3.583860687
3.604490295
3.639274841
3.872244725
3.199799074
5.74351345
3.695773788
2.911951608
1.748550224
2.678038138
1.530294464
1.553690014
1.460017253
1.695352394
2.029900062
2.443215108
3.247123324
3.300569692
3.92211851
4.07674146
3.355317832
3.12974231
3.19561911
3.208088013
3.248118256
3.360085632
3.456975403
4.342390093
4.345556562
4.272528227
3.10303176
1.528653778
1.824936221
1.627084106
1.708592621
2.090539064
1.732891876
2.437875498
2.262593231
2.347183364
3.516707399
3.403130366
3.290733917
4.79626094
4.632086312
4.51319397
4.157289185
4.054799011
4.122171326
4.158099335
4.111218384
5.549076229
4.038228504
4.66250598
2.562594033
2.152591266
1.891957856
1.55318365
1.634798853
1.744221548
1.640094192
1.842299981
2.099405666
2.104477448
4.051086629
4.381957598
4.188558874
4.462731978
3.64042691
4.214521333
3.773263245
3.770193512
3.792800049
3.793487244
3.811130585
3.861370575
6.376435635
6.240804613
3.141100482
2.302063585
2.415121226
2.186391341
1.993938255
2.088647689
1.760288769
1.690991213
2.391926439
2.545356476
3.720639672
4.776025333
4.888980125
4.73419986
4.654302059
4.879209843
4.992661377
5.06475293
5.262762634
5.160454468
5.262639648
7.341475312
4.59172555
3.415745292
1.654706185
0.380154327
1.01227466
0.312705139
0.648086408
0.526065013
0.349189896
0.635303497
1.243763062
2.345369625
2.843485172
4.595827691
3.906626064
3.945982529
4.178483956
4.068582918
3.711170044
3.874494995
4.136112579
4.200857147
4.268056702
4.251876465
3.884553848
4.684936258
2.704943476
3.092547465
0.7856018
1.277976425
0.701704681
1.097807229
1.508595459
1.660075651
1.613822744
1.585260773
2.992897208
3.776717675
3.703960681
3.679801422
3.831723999
4.632780364
4.791913312
4.361985535
4.239629395
4.405562866
4.33407782
4.239996887
3.77716835
4.688713161
3.563079154
2.697808291
2.670490062
2.937716349
2.271556988
1.736372346
1.590134322
2.320833187
2.188420399
2.34718148
3.332326867
3.986763103
3.0986203
3.983845
4.418226611
4.40989679
4.524653259
4.560606018
4.416801086
4.574084717
4.554507813
7.665069432
6.923028003
2.59397171
1.332125993
0.589805117
0.675960612
0.931063543
1.647806868
1.250709991
1.87583498
2.10183428
2.429946085
2.533393196
3.640149209
3.732527304
4.458510732
4.863633212
5.505536713
5.089734842
4.792657633
4.404148499
4.399059265
4.440034058
4.605543419
4.709967251
3.761231781
3.348926231
3.628818803
2.6325734
2.372264075
2.192958435
2.753719169
2.651618979
2.147055481
3.269568536
2.451970518
2.956830215
3.536938676
3.922746806
5.572992338
4.221231877
4.191845557
4.206688293
4.269430847
4.369400482
4.378206238
4.35166275
4.302983551
4.297897369
3.727797123
5.499717822
2.65276544
1.738488129
1.916110506
1.310310516
1.449703247
1.450547974
1.396293335
2.101286076
2.290136654
2.628481148
3.410469593
3.863600282
3.97672694
4.110657376
4.566677224
4.035345673
4.077565063
4.141101746
4.12215863
4.15240152
4.144657623
4.211138489
4.331845693
5.465465111
4.326762874
2.21848959
2.51396414
1.850163382
1.977532319
1.598002075
2.034647113
1.541458441
1.830578325
2.49052794
2.540156708
2.931483645
3.071138679
4.089816648
3.249400116
4.069682007
3.431263763
3.452018951
3.471678986
3.530261139
3.576850311
3.634245042
4.30442656
4.864521261
2.847174786
3.680456807
1.987397098
2.310008028
2.335792862
2.408982786
1.995189429
1.714571787
2.492544129
2.649145738
2.712038513
3.036432372
3.388117019
3.403084804
3.392287781
3.531225922
3.653297394
3.737066101
3.782872406
3.823540619
3.886504852
3.903115082
4.710620292
2.924137367
2.216025018
1.694276796
1.064844249
2.287141328
2.336439202
2.871986098
2.295081294
3.243803229
2.63429505
2.693702314
3.513401267
4.215588863
4.295234038
4.499856393
5.483693956
4.651604291
4.682011451
4.505665253
4.406227417
4.434526672
4.535506274
4.390941945
3.154825058
2.921508385
3.021843261
2.537102897
2.336903602
2.564530277
2.726800482
2.782693068
2.039906738
2.164615764
2.870597761
2.988522972
3.363644836
4.26354755
3.585346283
4.437353304
4.14644574
4.204095337
4.212689087
4.26836026
4.349406982
4.33333606
4.322781158
4.314364227
3.231625931
2.938530743
1.605973114
2.350458498
2.304919663
2.441997619
2.836147259
2.96497752
2.029503906
2.079740479
2.681511996
3.106747477
3.911088769
4.308333311
4.824087964
4.344539063
5.001963289
4.686267883
4.521749207
4.643843781
4.753885681
4.717402893
4.606788177
6.328644808
4.860051689
5.48622775
2.91217449
2.213664155
2.06589502
2.195468382
2.55422242
2.648596964
2.575397661
2.296584412
3.329079589
2.825097797
3.187425598
3.896961527
3.920777831
3.74272287
3.892651306
3.985432007
3.957858856
3.99902594
4.041294098
4.04560611
4.024156067
6.956287202
9.02736492
7.731624119
2.620943289
2.39111416
2.718868163
2.709964065
2.469074188
2.4452547
2.744938054
3.081524863
2.109502991
2.436153964
3.431699518
4.177074984
3.875644524
3.615746782
3.80398319
3.406774048
3.406383636
3.653334473
3.82122229
3.860303986
3.961466949
5.207196145
4.497207596
5.76542155
3.384406535
1.797933023
1.512372868
2.277803489
3.013107783
2.055714095
1.872497597
2.093038848
3.16279355
2.603959441
4.567686301
4.993063964
5.033592493
5.094842678
4.293772435
4.14266738
4.021720062
4.003765045
4.022166077
4.082783295
4.170214844
4.217628723
3.922696047
5.436636354
3.241761307
4.394276477
2.855598068
3.721915787
3.496557383
2.800232946
2.45306476
2.79910899
2.460946158
2.827485813
3.405865362
3.574196018
3.649274195
3.832091005
4.099898677
4.472498607
3.895918671
3.92275415
3.945851166
3.945949799
3.952328796
3.929869751
2.878159637
2.302753204
2.044509705
2.017700104
2.170449312
3.244455146
2.838917227
3.368676635
2.545740434
2.16964432
2.323745006
2.264842743
3.492117479
4.312902814
3.642883513
3.899048548
3.671113129
3.755487579
3.750412292
3.677070129
4.051737769
3.595068359
3.622500671
3.687306702
2.790294022
2.492969392
1.797773743
0.981104965
1.100254168
1.233044434
1.910481477
2.178259438
1.881015089
3.444530045
2.689996787
2.883054049
3.39157825
4.279566433
4.455463453
4.539810366
4.737330896
4.380779207
4.291954437
4.351282715
4.392284485
4.49387732
4.441391022
5.658780172
5.502009033
3.923513637
3.05705468
2.827620816
2.85585535
3.116282711
3.464741794
2.58154892
2.410811768
2.853580855
2.487267382
2.521407318
3.163614594
3.365454417
3.853195105
4.825468273
4.304182429
3.978050025
3.931758057
3.908189514
3.969043976
3.924701447
3.932864929
5.142275163
5.855522481
5.136434384
2.812466455
1.140419921
2.002490877
2.286103544
2.357806397
2.274483908
2.015819916
2.016284454
2.138517006
2.829503302
3.957248615
3.335328231
4.025745851
4.006304696
3.477561915
3.763397434
3.415592926
3.457347076
3.516883148
3.485900269
3.485054352
5.18857512
4.588030835
4.001012953
1.697522229
1.957515545
0.481595092
1.010517914
1.94256342
1.894695745
2.128309212
1.605776184
2.324997392
2.22922767
3.849427793
3.412186694
3.260843248
3.803690794
4.830234096
3.650756409
3.757039948
3.824034027
3.851204285
3.873770416
4.094978256
5.597323833
8.217015061
5.713645934
2.519740227
1.989909454
1.877469177
1.952921936
2.118368469
2.09348056
2.912031576
3.219669707
2.260582304
2.286372797
2.581720673
3.054768778
3.628005499
3.421845833
3.756140322
3.201176575
3.263302643
3.273407196
3.339035675
3.309404663
3.372791483
4.912615134
4.178758137
3.869098598
3.617741604
3.74834614
1.86066679
2.857926245
2.397733693
2.765050321
2.445900645
2.839325725
2.914191353
2.891628876
3.722570379
4.598675681
5.222855061
4.907263873
5.140218895
5.456149489
5.031953735
5.070492096
5.170370422
5.262747406
5.270350739
5.198258942
3.938101929
5.433708444
4.757224654
4.17663582
2.384681657
2.754456288
2.851433611
3.594514631
3.537978729
2.526886414
2.691203645
3.701527176
4.493031652
4.697384081
5.254952992
4.853525732
4.495648789
4.430361938
4.391709717
4.348074982
4.33446637
4.625800972
4.340418945
4.293184296
3.264478729
4.109473555
2.955622413
2.640123722
3.086110048
2.701667114
2.758431568
3.740096765
2.925667457
3.014693952
2.530547913
2.975242803
4.169416326
4.211962655
4.118795446
3.845195801
4.919459574
4.432601133
4.182902466
4.233510132
4.231042328
4.197227997
4.227238831
4.527387692
5.585201202
5.469112531
3.732600492
3.498129103
2.682861454
1.976168518
2.093408997
2.190266144
2.4556461
2.313906128
2.297251465
2.46267099
3.183932495
3.921316885
3.419626709
4.69807924
4.108672224
3.958801681
3.838108185
3.871810516
4.350923952
3.927435913
3.915143738
5.180285909
5.452609167
3.727344374
4.15779001
2.489603027
2.486280074
3.207360553
2.510860315
2.865950242
2.825916728
2.820290527
2.248482015
2.115532567
2.930550344
3.662584453
4.056822265
3.314880459
3.74925369
3.131984558
3.219943787
3.310513
3.629796553
3.701769196
4.039669681
3.928528381
3.208036614
4.337547385
3.312073076
1.655217733
1.370445975
2.285210805
2.234934296
2.99236657
2.626740744
2.638572921
3.003320974
2.980500112
4.31080217
3.923956427
5.199974021
5.392804886
4.682287915
5.231314443
4.756035065
4.79574353
4.810680084
4.756194427
4.701465179
5.236003224
4.565306909
9.292912822
3.898542527
2.239695709
2.255083594
1.998978516
2.845741055
2.386689077
2.832156565
2.92930813
3.691122357
2.774781819
4.555250728
5.331396657
4.420639571
3.792832202
3.748957977
3.855894806
3.899831085
3.912806763
3.934460236
3.944564453
3.952247162
5.757090522
6.629749323
5.047220195
2.82634769
2.281404053
2.472379322
3.006855694
3.007692226
2.663030412
2.272200653
2.934448364
2.246402913
2.631540532
3.291628612
3.532503679
4.48693935
3.251591797
4.090941545
3.634192617
3.545495911
3.600274323
3.685702972
3.744806641
4.172889599
3.838679688
4.519919042
2.447144592
2.075277466
2.4030706
2.188657654
2.509160099
2.393373138
2.386136017
2.249211914
2.293263
2.440822118
2.844835004
3.385446906
4.008202794
3.947597841
4.003998038
4.022106455
3.92280661
3.976417664
3.997643646
4.07042157
4.028780304
3.967254089
5.464082081
9.709784263
4.155054104
3.606529451
3.197217481
2.909999732
3.313445169
2.9618104
2.517007906
2.179640503
2.425564035
2.53531334
2.910739786
3.537180886
3.952428458
3.439294685
4.238603729
4.307567063
4.087665351
4.013628662
4.044728058
4.109784241
4.133459473
4.245097796
4.616125546
4.547523132
4.066165607
4.569212625
2.717755918
2.726700102
2.493910217
2.571690155
2.97079049
2.695355287
3.095848136
2.648810053
3.494380135
3.240250488
4.487674118
3.868462821
4.954792719
4.970967605
4.43420216
4.064114014
4.079087952
4.093845276
4.092820129
4.090259613
4.195992257
5.350752759
3.715522966
4.422422419
3.481826901
2.405703552
2.744521619
2.852391499
2.533300903
2.43262294
3.392966661
2.934262323
3.636361932
3.617448191
4.146402128
4.200201879
6.324542406
4.242338687
4.600900794
4.12128244
4.190156982
4.306535828
4.320684845
4.326853546
4.289573212
3.253527924
2.765045959
2.558347891
1.389894893
1.519075271
1.414699441
3.153793067
2.826107652
2.57965035
2.835845573
2.878061856
3.181088658
3.742108705
3.16676063
4.073192083
4.060381248
3.750323439
3.842635685
3.658680023
3.6883573
3.697381531
3.7036008
3.709160492
3.685055634
4.344091267
3.176194365
4.505326
2.203113068
3.180527256
2.36803625
2.239922713
3.402282802
2.292715147
2.42276861
2.767197052
2.269725403
3.955801095
3.504458022
3.58333683
3.558828985
3.39872998
3.489842957
3.503991364
3.509632111
3.531775665
3.869527594
3.514897186
3.510239807
2.612542145
3.634359947
2.539531969
2.590001889
2.76070174
2.81317631
2.854314186
3.018756557
3.029979143
2.378738381
2.497028246
2.779773933
3.959427282
3.049523254
4.932931186
4.114690148
3.989981868
3.448698208
3.455427185
3.467183472
3.478166473
3.487801239
3.488983154
3.875037483
4.467978
2.373915985
2.281662598
2.70860087
2.898735939
2.295347004
3.194296978
2.622343617
2.369355607
2.769673651
2.777893949
2.664630165
2.752734894
2.941267613
3.494647287
3.38068602
3.216007673
3.188968445
3.18140564
3.172021759
3.136966278
3.125667572
3.143229462
3.227924957
2.340386047
2.710029223
2.657942322
2.112625621
2.56431616
3.576699924
2.75662928
2.702940388
1.95924423
2.979502691
2.346004683
2.43027167
3.401827521
4.405238504
4.288018866
4.310569081
3.838373803
3.84037262
3.908888428
3.946405304
4.021305176
3.997071808
4.039206879
6.249469487
4.507909518
4.073204592
3.626231056
3.676701719
3.472961645
3.252416376
2.997537479
2.619568696
2.827095357
3.892437417
2.405861938
3.081754615
3.808238522
3.642001729
4.33976782
4.37888544
4.283459268
4.006572449
4.036147736
4.081985565
4.09988385
4.095862
4.12310614
4.139219299
6.717337759
5.452904731
3.724358852
2.703204144
3.172614446
2.641623474
2.769475922
2.704342743
2.769239675
2.80005193
2.56851423
2.71680954
4.045483061
5.130286465
5.891016083
4.494629446
4.94372852
4.342583893
4.254055115
4.148376404
4.059999817
4.060410614
4.062053802
5.111298411
9.54379241
6.105281865
4.45773801
3.474261241
2.272214807
2.166922729
2.732892514
2.641411129
2.768822381
2.5502624
2.428056274
3.691929806
3.893507533
4.322358992
3.80848008
4.441630527
4.618602118
4.477938061
4.552533508
4.546380409
4.578741882
4.530871582
4.583212619
4.510870056
5.372114806
4.352144846
3.310007877
3.484892232
2.42886728
2.506717086
3.964092387
2.952567021
2.491241652
2.340644165
2.743916983
3.596350209
3.871909969
4.678844326
4.660804857
4.787913877
5.307958214
4.783948844
4.488676727
4.591422485
4.657089325
4.716505737
4.840076721
4.865066437
4.341883265
3.849910565
2.823753757
1.611896698
1.69552271
2.911699557
3.253702101
2.220394627
2.679132224
2.306416431
2.719003092
3.158894677
3.493500951
3.837351192
4.129316445
4.419355195
4.707388177
4.328059299
4.542479774
4.443143787
4.354298981
4.429983704
4.473380554
5.77439642
3.453314026
3.455218655
2.83559486
2.588821167
3.121097751
2.911447315
3.484534628
3.139877452
2.996932009
2.836702526
2.5770732
2.650522347
4.113142147
3.719240228
4.494591562
3.727675873
4.049536215
4.924963625
3.969657318
3.96434967
3.970410522
3.993437317
4.003535431
3.995676849
2.963258972
4.042407671
3.411864171
2.658530443
2.514072816
2.798778014
3.76425434
2.625109973
2.592575013
2.969900857
2.615659872
2.490724792
3.367627424
3.557498282
4.04287242
4.157155758
3.89439975
4.030592102
4.088476166
4.126999359
4.163707947
4.183842499
4.215453644
5.434899214
5.160032862
5.795149001
3.490763801
2.321080627
2.355258484
2.475831177
2.620996613
2.649998444
3.04019613
2.48054187
2.769904466
2.785954163
3.745093888
4.108556442
4.152035665
4.298262072
4.136734741
4.345439453
4.417854126
4.396960724
4.374747467
4.36352298
4.394927979
4.415505066
3.335469879
6.204106135
5.271887659
3.108846126
2.772197796
3.478896541
3.79739841
3.371383164
3.356030122
3.153343729
3.615396534
3.105168728
3.78827077
5.126145388
5.810058412
5.061447537
4.35727631
4.526692248
4.173693146
4.161289276
4.196705658
4.229209625
4.246917267
4.270471466
5.351863976
4.745239905
2.339521606
1.50139213
1.13197908
1.697737005
1.820113678
2.021608856
2.0655289
2.232631622
2.43101981
2.696607441
3.779686258
4.870309667
4.732113973
4.640341447
4.597592705
4.509493535
3.803587341
3.858695129
3.835241516
3.875890381
3.922897888
3.925325162
7.921878322
5.848137115
3.880611348
2.81140887
2.743419099
3.140639719
3.801160403
2.684149157
3.610842182
2.504361847
3.054930862
2.79090687
3.679492491
3.618667033
3.902786056
4.269424701
3.652529528
3.889196583
3.587474274
3.591670868
3.586597107
3.595145508
3.574150909
3.57452533
3.657493212
4.28126103
2.94317271
2.757083106
2.280296082
2.241672485
2.265459808
3.124728312
2.849774018
2.854348476
2.348272814
2.364963928
3.887420704
4.382951752
5.26527412
4.104728201
3.490472778
3.612896118
3.650420593
3.673176971
3.69421582
3.707104675
3.734072205
3.755411072
4.032964947
4.425851873
4.555694707
3.322181051
2.541098633
2.907775622
3.199830399
3.651905615
3.026988324
3.856587604
2.788659063
2.731050945
4.036012956
3.301939636
3.418001862
3.814307426
4.076946938
4.383993857
4.087294472
3.732457947
3.737278625
3.747879517
3.767401123
3.764235168
2.882070038
4.159249508
3.332810071
4.000461144
3.078003297
2.728052936
2.58642359
2.94987349
3.059681716
3.277575663
2.503448517
2.558127258
3.587589703
3.844996839
3.514440857
3.713022861
4.27563452
3.810401672
3.872598389
3.892462952
3.932927856
3.951009216
3.990477722
6.000224256
5.007966257
5.892304296
3.682697858
2.740957369
3.443055217
3.782515654
3.84938482
4.083268238
3.31554431
2.912409698
2.841563354
3.224856753
4.138218615
4.120913897
4.64902477
4.407064105
4.862033953
4.939466345
4.602225212
4.30246875
4.299312317
4.291995422
4.355624939
4.369666077
5.646773188
4.71345775
5.437393338
3.512718089
3.163454193
3.653244071
3.355632108
3.55714887
3.908431633
3.822925869
3.65859285
3.620600867
4.731503657
5.380265207
4.860404715
5.189063919
4.489000648
4.258048096
4.168367737
4.079073486
4.010871826
4.049933979
4.002390808
3.988270813
5.033560619
8.725905215
5.186997324
3.270577096
2.870786091
3.623577048
3.104444602
3.216045605
2.631504791
2.991613534
2.910503423
2.977793869
3.681393027
4.457655774
3.872138068
4.277238992
4.098562179
4.265010258
3.754909149
3.793555847
3.825346313
3.85782489
3.898767517
3.954465088
4.011973417
6.372140038
3.761578851
2.486243848
2.076219704
2.286978138
2.34833527
2.241139428
2.842253348
2.605594945
3.281638693
3.134592858
3.825721683
3.429300049
4.34426703
3.793634766
3.854569702
4.498987134
4.049056519
4.06311908
4.079182922
4.091014282
4.08751416
4.931745355
5.747268586
5.151390996
6.13372875
3.564604768
3.318589075
2.601334409
3.452331018
2.940643456
3.196715657
2.849969294
2.844406327
3.137622365
3.657353346
4.890080154
4.381670709
4.502080114
4.044140129
3.971383057
3.992928894
4.005784485
4.014933411
4.028403992
4.035289185
4.040957031
3.135071106
3.801807716
4.761047974
3.032023322
3.032420454
3.176999569
2.836538276
3.680339638
3.397991943
3.742993128
3.064685357
3.410930368
3.694554277
4.489131835
4.945955444
3.794920637
3.900694716
4.579381785
3.570460938
3.569192688
3.5579422
3.553954071
3.546967255
3.521878021
2.612833344
3.92302309
2.688409132
2.984838326
1.239377838
1.164927885
2.602754925
2.934740488
1.89790918
2.340857201
2.442946219
2.085433838
2.774222382
4.235887352
3.198092909
3.475727316
3.553419688
3.294698578
3.285825439
3.263441925
3.247397888
3.281718567
3.319269531
3.562539892
5.413401981
3.880765524
2.462444527
2.161211177
1.647819901
2.629401019
2.256037673
2.889155688
2.147157204
2.751670014
2.764702428
2.545726042
4.003158124
3.931116479
3.473809188
3.310152348
4.333013016
3.640224999
3.599414337
3.650696808
3.680713074
3.718762421
3.722960144
4.519206345
5.393012619
4.004122365
2.850647139
2.499261671
1.894858459
1.9013289
2.605135149
2.681472681
2.385277744
3.443546747
2.775164533
3.567870292
3.858964749
3.350843012
4.428765674
3.509256073
4.708939277
3.793374415
3.583788849
3.569041168
3.586876678
3.675743713
3.630156647
6.908608408
5.413648848
3.720256969
2.980223462
1.697061951
1.510681091
2.084938385
2.284313995
2.259565826
2.53416502
2.761080311
2.606781975
2.495557556
3.970150333
3.938758998
3.902255393
5.509780492
5.125900118
5.188213094
4.295563171
4.335878693
4.282734314
4.285347473
4.309748749
4.304401978
6.367232325
4.803262389
3.933914252
2.853369629
2.881024109
3.151260742
3.468112592
3.239960556
3.133386171
3.657698717
3.399105596
4.354583272
4.950455548
5.060941458
4.486730062
4.476717455
4.550525556
4.764794617
4.536553192
4.536978302
4.52133963
4.522079956
4.542180765
5.57137214
9.774421973
3.961019954
4.250714104
1.719875258
1.586486999
2.41874119
2.12364529
2.472594509
2.03860376
2.223666992
2.770239868
2.758566214
3.477871693
3.797079382
3.634032234
4.453499434
4.174932935
3.882520689
