784163
784.03
820.89
857.37
858.89
855.68
850.86
851.53
852.2
847.03
833.68
810.07
790.08
772.51
763.01
787.2
795.09
802.98
811.87
814.49
817.1
828.28
829.07
829.86
829.52
832.29
840.3
846.45
854.11
861.77
863.34
868.53
873.73
873.84
868.0
859.2
850.04
839.49
826.9
827.1
839.48
851.86
866.4
869.84
873.29
870.68
874.54
878.4
896.32
904.18
912.05
906.96
898.4
897.93
897.46
903.72
909.98
904.92
889.02
871.26
847.75
835.72
823.7
836.22
841.71
847.2
847.96
848.93
847.62
846.31
841.42
841.43
841.43
784.03
820.89
840.86
837.99
849.13
859.56
894.48
888.25
888.13
841.86
780.12
751.48
749.7
740.04
758.13
792.68
827.96
844.86
869.37
891.71
902.43
890.78
879.13
874.07
877.98
881.89
867.09
858.35
839.25
820.16
856.59
880.65
854.25
811.18
767.11
694.12
660.65
693.71
751.69
783.53
830.64
840.54
860.72
863.53
909.65
950.12
967.01
978.0
1009.74
1041.47
1039.88
996.64
1006.74
1031.04
1078.46
1086.8
1072.38
1003.2
956.85
917.09
876.49
863.8
875.7
887.59
895.47
903.36
886.68
881.31
875.94
840.88
822.96
805.04
784.03
820.89
755.16
715.1
724.76
724.72
691.53
675.8
660.07
618.18
604.12
599.53
589.37
586.84
584.3
572.76
569.18
565.6
566.64
567.69
583.12
589.82
596.53
602.38
612.8
623.22
620.25
617.29
622.44
630.94
639.43
648.98
636.31
619.52
596.07
526.01
491.88
485.6
510.39
551.26
581.49
594.29
607.09
621.43
623.38
625.33
616.24
598.63
614.3
629.97
612.5
583.75
565.19
587.54
600.49
597.06
574.39
524.94
482.86
462.6
469.32
486.6
503.32
507.67
512.02
508.33
527.77
527.21
519.51
528.24
528.14
536.93
558.3
553.14
545.46
555.83
567.82
541.16
529.49
536.73
555.12
530.57
503.21
499.19
488.69
495.64
518.66
525.21
523.02
520.83
536.73
592.74
566.1
547.07
581.15
635.96
648.68
658.39
723.84
739.74
716.43
691.94
688.13
653.98
635.02
614.39
591.83
532.22
487.37
466.04
517.19
531.14
545.1
536.37
529.48
520.63
516.98
496.97
476.3
484.49
471.9
452.91
437.02
445.61
464.98
464.9
461.56
474.29
489.12
474.04
440.67
417.29
393.91
383.73
391.63
449.88
476.66
484.55
475.28
484.9
485.15
481.51
485.01
488.5
497.99
482.87
490.98
507.45
530.67
538.4
532.68
530.24
520.16
481.52
438.68
398.8
385.48
381.29
393.42
424.97
457.43
487.07
527.47
558.08
574.8
588.75
615.08
593.31
615.67
638.02
618.67
612.27
605.88
597.66
602.53
593.85
526.9
473.77
437.15
422.77
387.98
362.41
379.94
436.36
535.63
632.0
703.11
732.89
767.05
780.34
771.03
745.55
725.06
718.18
722.72
727.26
739.58
742.82
746.05
753.79
752.56
751.33
740.11
736.11
732.11
723.06
729.07
765.02
774.77
784.52
780.37
780.39
778.94
777.49
780.17
796.74
796.08
795.42
809.57
807.2
805.8
804.41
793.38
792.97
792.55
779.89
766.22
752.55
724.26
707.42
690.58
662.83
642.6
622.37
610.21
614.67
619.13
634.28
637.61
634.45
635.92
637.4
636.54
639.13
641.72
629.29
626.6
623.91
616.12
600.35
584.59
567.99
572.36
576.72
581.41
583.23
581.39
579.55
583.36
587.17
590.32
594.65
598.99
604.56
784.03
820.89
604.26
603.28
604.24
605.19
602.1
599.01
586.84
579.01
571.18
558.91
548.66
538.42
554.45
593.57
611.91
630.24
641.64
653.03
662.7
670.76
678.82
684.72
784.03
820.89
696.11
703.98
703.89
703.8
708.21
712.63
715.15
708.88
702.61
680.05
673.89
667.74
666.77
669.43
672.09
678.17
686.11
694.04
703.0
734.24
771.7
796.79
786.01
775.23
773.39
771.54
764.42
762.96
750.62
738.29
722.81
694.45
676.07
660.88
663.31
673.96
684.6
709.54
710.07
710.6
706.76
703.65
700.53
689.78
680.77
671.76
784.03
820.89
648.66
645.37
650.1
654.84
653.71
652.59
654.06
640.54
627.03
639.16
654.89
628.03
621.68
648.18
667.58
683.22
692.68
702.14
709.78
715.36
720.94
727.7
784.03
820.89
738.17
731.23
725.55
719.88
716.21
720.65
725.09
731.46
725.14
718.81
670.15
642.51
649.05
664.2
676.86
685.71
693.46
701.22
698.69
699.8
700.91
695.91
784.03
820.89
698.25
711.12
720.06
729.01
763.99
775.06
786.13
802.46
814.44
826.42
854.1
868.38
882.66
895.48
917.74
941.24
964.75
993.15
1008.78
1024.41
1036.21
1053.75
784.03
820.89
1091.09
1100.27
1111.69
1123.12
1128.83
1110.12
1039.49
986.6
922.61
891.81
861.01
819.43
825.64
853.39
887.37
895.93
897.39
900.3
907.21
913.26
919.32
934.81
942.42
950.04
948.98
947.93
954.12
965.94
959.31
952.68
934.67
903.71
839.89
822.43
819.93
776.55
743.67
765.58
810.62
847.19
873.96
877.37
880.78
885.21
887.33
889.44
887.93
886.42
886.96
887.5
884.08
884.5
914.17
905.78
887.41
850.12
814.27
796.07
739.48
732.77
737.13
741.86
752.49
753.99
760.14
764.31
765.45
766.58
770.38
768.83
772.97
777.11
781.48
785.86
795.34
795.87
798.16
800.45
789.07
779.85
740.84
714.29
699.93
660.11
662.95
699.34
730.26
758.71
815.11
824.02
832.93
833.79
859.53
870.5
874.71
878.92
888.74
902.41
916.08
905.78
883.6
861.43
839.51
798.65
776.95
756.88
722.75
718.82
714.89
705.51
696.99
688.47
682.2
684.26
686.32
662.86
649.01
635.16
784.03
820.89
626.89
619.49
621.79
624.09
607.46
599.69
591.92
556.7
515.53
784.16
784.03
483.04
448.7
440.72
432.73
440.45
449.81
459.16
462.05
465.23
448.21
435.07
784.03
820.89
464.69
500.08
527.93
850.86
851.53
539.18
536.18
524.6
518.87
513.14
521.51
542.25
529.76
521.11
475.74
449.95
428.47
427.33
434.18
434.99
442.39
449.79
438.51
436.69
437.07
437.63
440.11
442.58
473.85
487.31
453.65
449.3
451.91
453.87
453.75
453.64
448.36
448.42
448.48
445.76
458.67
469.55
473.99
537.36
652.14
852.4
1010.2
1184.52
1187.04
1193.06
1210.44
1210.54
1222.96
1224.38
1188.84
1134.57
1042.22
937.19
917.29
870.75
868.32
900.48
935.8
971.78
1006.93
1039.72
1036.13
1032.54
1069.73
1097.77
784.03
820.89
1115.12
1134.49
1143.48
1152.47
1162.69
1156.2
1121.92
1040.83
1003.62
966.42
868.25
851.91
843.1
833.15
833.32
830.52
825.51
835.07
844.63
830.8
819.09
812.81
814.61
816.41
816.83
821.77
826.72
848.5
860.73
882.68
876.5
840.12
769.01
672.13
665.51
662.61
666.66
686.89
707.11
722.12
817.38
851.87
867.25
880.74
894.23
899.16
909.01
921.1
939.62
942.62
945.62
947.61
938.7
930.96
905.49
862.11
767.92
709.76
668.42
648.82
629.22
649.16
694.8
724.66
771.61
788.64
791.34
797.93
783.48
769.03
772.64
776.25
774.22
776.57
778.92
779.13
773.46
767.79
741.53
720.44
699.35
657.13
608.55
578.04
588.39
586.26
579.73
604.23
607.98
622.25
630.68
639.11
643.52
649.87
784.03
820.89
661.39
679.22
693.74
690.5
687.26
671.56
667.13
662.7
627.1
613.1
599.1
585.53
584.69
583.85
618.84
629.45
640.05
637.15
673.29
719.72
748.21
776.52
783.68
790.85
786.65
782.45
781.36
781.84
787.27
792.7
762.32
720.27
682.38
642.3
661.45
706.64
752.89
719.06
711.84
704.62
711.4
711.03
710.65
722.62
734.75
746.87
784.03
820.89
777.04
795.14
797.23
799.32
789.89
780.45
760.64
736.58
719.2
667.69
590.78
509.57
510.12
531.34
548.54
557.36
568.98
585.46
633.64
653.03
672.41
690.03
686.73
683.43
672.32
661.21
659.27
663.12
660.01
656.89
623.11
530.94
469.23
397.39
364.79
361.83
356.05
352.54
385.94
432.13
508.24
523.84
542.89
578.48
588.11
597.74
587.56
577.38
598.59
595.58
592.57
592.89
598.55
621.24
614.97
528.38
491.05
453.72
415.72
372.6
352.6
376.76
429.87
441.99
489.3
512.87
513.42
520.38
528.41
589.79
658.49
696.15
679.88
646.51
627.66
626.08
645.23
623.18
585.58
564.97
549.28
540.13
549.65
520.31
413.85
405.75
418.89
428.24
422.09
392.22
383.54
418.2
440.08
455.29
458.25
461.22
471.31
471.77
472.23
467.46
470.46
473.46
462.24
420.62
358.72
321.09
288.51
233.19
245.34
270.28
272.75
284.52
300.51
323.21
342.44
387.81
427.16
466.52
499.35
532.18
546.61
547.15
547.11
547.06
542.81
537.19
531.58
523.96
516.33
507.44
503.29
499.14
467.0
467.82
489.92
512.03
528.47
557.64
586.28
600.18
620.82
641.46
660.98
680.51
696.51
708.05
719.59
758.65
804.05
819.08
824.67
810.07
762.84
683.93
675.56
660.41
654.49
648.56
678.25
706.74
732.7
765.93
787.88
809.84
842.72
869.75
884.66
899.57
910.79
922.01
926.47
926.39
936.56
912.06
874.94
836.19
735.69
629.88
574.03
518.18
510.32
525.27
569.44
613.97
659.18
710.18
742.71
775.24
819.5
837.62
847.45
857.28
862.45
867.61
870.06
869.97
888.28
899.54
844.04
772.7
661.33
525.7
505.45
449.2
445.06
459.59
513.85
541.38
611.85
650.88
677.04
703.2
756.78
822.14
801.44
780.73
704.42
702.84
730.2
730.02
731.03
757.45
736.03
710.75
643.69
612.04
580.39
563.18
533.99
541.12
554.22
584.75
639.31
666.98
688.85
710.72
734.75
725.87
730.88
735.9
741.03
746.17
728.01
724.08
722.77
721.47
708.87
708.78
708.68
684.25
647.88
616.17
607.18
602.84
598.5
595.56
650.61
690.66
704.39
718.12
749.48
748.72
745.3
741.88
721.79
708.58
696.23
683.87
681.02
661.41
641.79
605.09
549.28
604.75
673.11
568.72
544.13
548.3
560.72
601.57
641.87
642.39
652.73
635.34
591.89
558.76
560.08
561.4
554.96
548.51
523.53
850.86
851.53
511.61
514.04
488.93
500.62
486.68
460.16
457.17
509.39
538.28
571.36
661.55
678.34
680.25
677.94
675.62
713.51
785.6
786.88
767.73
771.08
780.16
793.71
801.75
817.74
820.36
792.17
735.53
710.59
685.66
645.87
646.21
652.23
659.35
679.3
699.24
742.16
769.67
768.9
768.16
767.42
764.8
761.51
758.22
794.9
826.5
826.74
829.65
754.84
703.9
691.16
667.42
630.29
608.32
586.35
541.08
519.13
466.51
483.25
515.45
530.9
549.5
573.2
597.25
621.31
705.01
745.39
785.77
816.03
812.84
818.84
824.84
809.26
793.69
765.93
732.29
690.55
636.15
651.47
646.18
626.52
658.77
691.2
689.71
713.26
736.8
753.08
738.16
730.79
734.73
740.99
747.25
758.44
766.47
774.51
777.17
796.44
815.7
799.79
775.1
750.41
689.37
723.08
728.31
678.26
632.43
682.05
705.69
736.44
767.18
787.82
782.7
804.11
825.53
784.03
820.89
853.6
886.47
916.18
908.07
902.12
891.73
881.33
853.45
834.49
793.75
753.08
641.74
589.17
602.56
626.98
638.43
639.65
640.87
644.02
644.85
645.67
650.11
784.03
820.89
650.41
643.74
642.34
640.94
644.05
641.13
638.21
620.03
598.88
577.73
518.52
509.38
487.0
464.62
460.56
456.5
472.68
491.21
509.75
530.11
560.71
590.81
602.89
614.98
624.53
623.6
622.67
649.97
657.18
649.54
627.44
605.5
564.84
524.18
477.66
436.93
440.31
455.59
467.31
476.88
510.91
522.76
566.62
574.88
582.75
590.63
606.34
622.04
626.72
625.57
624.43
627.23
651.7
645.52
632.35
592.64
555.91
511.49
470.81
429.51
428.51
436.82
456.18
458.69
496.33
524.62
524.95
525.28
507.19
500.75
505.69
510.63
527.08
538.71
550.34
556.86
556.88
555.37
541.49
525.92
503.29
480.65
444.41
429.67
414.93
396.5
395.42
394.34
391.3
388.25
398.12
412.58
439.98
451.9
784.03
820.89
457.95
455.94
448.44
440.94
439.58
438.21
433.9
424.08
414.26
393.83
381.97
370.1
364.35
360.81
357.27
356.08
353.68
351.27
339.85
335.26
325.5
315.75
324.4
366.88
383.03
375.88
390.85
433.24
476.07
479.92
483.85
454.45
432.36
431.62
434.07
418.36
408.07
397.79
405.88
423.19
463.36
476.63
498.92
506.4
509.67
512.94
524.67
532.98
548.86
564.73
592.22
593.44
593.83
589.14
554.59
533.69
522.5
478.55
442.39
429.8
447.66
469.19
522.18
584.3
593.9
598.87
603.83
641.51
677.34
738.98
772.37
805.75
839.98
841.12
841.78
839.96
838.14
819.01
796.44
784.92
769.89
754.85
727.32
720.03
712.74
699.6
708.94
718.27
773.37
807.22
831.61
855.99
876.63
887.13
898.11
909.1
920.08
931.07
927.22
933.86
931.97
892.14
805.07
715.89
579.94
559.26
521.0
504.48
493.51
482.54
514.19
555.51
591.92
654.01
667.33
680.65
684.76
653.35
643.91
631.6
619.3
621.19
600.51
585.87
576.02
597.88
603.75
609.62
594.02
526.43
507.15
461.04
424.41
421.93
427.3
430.22
452.13
474.05
492.05
524.69
528.09
531.5
531.16
525.01
513.54
525.29
525.51
533.46
557.64
556.85
525.5
518.05
452.39
420.46
417.88
415.38
412.89
404.56
402.19
399.83
392.14
377.5
378.19
388.81
424.63
444.86
457.32
469.79
463.81
457.84
448.27
448.36
451.64
454.93
407.47
399.39
403.71
406.66
376.65
356.79
351.49
378.65
442.84
445.13
438.0
438.46
450.53
462.6
467.09
460.93
460.48
460.03
470.24
476.71
483.18
464.43
458.03
451.63
431.21
399.36
366.8
376.48
400.54
405.18
385.64
395.94
386.5
370.17
386.11
396.07
397.97
399.86
398.11
401.87
402.89
403.92
408.56
413.2
409.21
409.3
420.52
413.4
391.85
361.3
332.88
297.79
293.59
342.8
360.41
352.57
336.54
329.53
341.9
340.81
336.27
326.23
314.78
303.33
282.29
262.12
302.23
373.47
390.05
403.31
428.5
427.45
426.4
412.07
408.58
405.09
414.29
423.39
432.49
433.1
429.12
458.11
524.12
537.4
567.09
610.78
614.72
618.66
638.64
658.61
636.22
634.68
642.4
650.13
653.86
637.89
584.02
551.93
559.89
575.54
522.7
521.34
526.17
587.98
611.18
614.22
612.85
625.2
637.55
668.66
710.59
731.42
724.73
713.66
707.89
697.64
687.4
684.55
701.29
696.32
661.55
632.47
603.38
559.27
517.61
497.25
491.28
470.51
449.74
506.68
557.24
584.01
623.73
642.72
661.71
678.48
676.76
662.67
648.59
650.73
651.64
649.25
653.15
638.75
624.36
598.28
523.29
466.33
438.11
409.24
393.88
385.59
391.49
425.63
470.37
483.38
503.9
513.66
523.41
517.43
513.68
520.62
527.55
527.73
519.44
519.02
522.92
516.75
510.57
475.49
472.91
470.33
457.76
457.09
456.41
461.06
464.95
468.84
486.71
504.58
522.04
526.89
543.69
560.48
569.63
578.78
623.43
635.65
647.86
647.42
637.26
627.1
592.17
566.92
541.66
518.81
784.03
820.89
510.3
515.76
521.41
527.06
550.02
567.65
582.19
588.94
595.7
602.87
599.64
596.41
594.66
594.95
595.24
567.48
537.87
542.7
548.82
554.52
560.21
506.99
445.48
448.83
462.2
467.6
481.58
485.34
483.15
457.45
457.43
468.8
485.96
559.77
672.15
725.37
758.03
754.27
761.81
807.31
810.21
810.75
811.29
784.62
755.35
732.25
714.62
707.2
699.78
688.37
700.79
713.22
745.93
761.5
777.08
828.93
868.33
907.72
910.91
898.75
905.4
912.05
954.91
947.3
939.69
876.84
807.51
772.15
729.66
695.04
660.41
615.55
615.04
614.54
630.04
668.4
683.0
697.61
716.88
735.42
753.96
765.89
774.68
783.47
800.39
805.73
811.07
807.37
808.0
808.62
803.07
807.07
811.06
796.4
786.38
776.37
753.38
742.17
730.96
703.52
646.48
570.4
554.88
542.96
539.59
534.96
532.82
534.4
542.14
552.36
562.58
580.45
541.63
518.16
508.24
498.33
505.16
511.95
518.73
560.57
596.98
635.9
650.66
665.41
682.29
676.78
677.28
677.77
673.66
672.79
666.61
660.42
626.82
625.45
624.09
617.02
568.6
520.18
493.97
467.75
465.42
463.28
452.98
442.67
394.23
341.23
319.14
290.41
317.67
351.38
406.79
423.72
445.97
464.29
479.97
495.65
502.44
509.24
512.95
511.9
513.76
515.61
524.74
522.7
520.66
509.78
498.89
470.56
458.24
445.91
464.73
516.92
565.21
624.03
637.87
651.71
658.67
671.49
687.29
703.09
718.91
734.74
749.19
750.79
759.04
767.29
756.16
751.93
747.7
754.97
752.93
750.9
745.22
749.99
754.77
764.67
774.86
785.04
795.23
796.47
797.71
800.49
784.03
820.89
805.0
807.43
810.91
814.39
818.67
812.39
806.11
774.08
760.15
746.22
722.52
722.76
723.0
727.77
733.75
739.72
749.28
751.14
753.0
753.33
752.97
752.6
784.03
820.89
780.02
804.3
824.26
844.22
833.69
759.14
628.36
597.64
558.87
498.79
784.03
820.89
434.38
434.54
434.69
499.99
549.76
588.2
604.73
656.05
688.9
721.74
779.2
799.15
819.1
876.88
865.97
865.6
811.85
668.17
533.38
506.57
446.29
385.87
300.11
268.99
237.88
239.38
235.6
298.24
340.57
422.44
490.93
499.7
516.84
571.78
623.05
630.84
637.3
645.7
654.1
679.07
663.09
531.4
482.38
353.97
270.26
189.0
131.27
122.58
125.29
124.42
145.25
188.5
240.17
294.54
315.27
355.24
376.67
395.46
421.06
436.87
452.69
469.14
484.9
521.18
481.74
430.87
391.02
325.55
302.49
279.43
263.35
240.44
237.32
234.21
249.43
297.42
317.37
345.91
386.92
408.25
386.69
401.39
413.61
425.84
438.85
451.69
464.53
494.7
490.75
439.27
350.44
274.33
228.31
183.19
261.59
294.53
216.18
245.32
271.39
301.31
314.79
324.2
335.23
376.42
403.31
413.08
414.74
386.44
396.06
419.99
431.36
422.97
406.74
352.87
307.81
276.3
204.46
145.18
127.96
104.07
102.36
101.39
111.13
156.63
164.07
200.05
241.87
299.73
299.36
287.75
295.01
312.44
358.77
374.34
404.42
392.7
351.0
278.96
148.84
115.17
87.84
59.98
48.28
43.95
44.68
52.36
60.05
95.37
157.22
187.34
213.72
251.07
275.82
300.57
326.77
385.18
406.31
416.28
446.13
464.62
440.14
359.27
277.95
220.84
145.77
111.47
61.33
39.38
32.24
41.82
68.6
116.47
161.86
199.34
256.45
301.79
334.11
369.89
419.48
446.31
485.24
531.51
554.31
574.06
533.58
453.89
386.88
312.82
238.94
153.5
141.13
113.78
111.38
135.28
152.67
201.82
244.87
302.95
338.06
382.94
457.61
533.42
550.73
576.9
626.51
655.89
685.27
694.47
640.86
559.05
503.87
425.68
324.79
276.87
261.62
237.17
240.62
264.08
292.34
351.13
402.43
493.18
526.78
567.38
572.75
560.46
530.04
509.32
498.9
493.96
492.55
494.36
476.42
460.36
444.3
390.68
349.33
322.01
333.51
287.76
269.08
283.32
305.63
360.02
424.31
509.63
506.95
499.54
522.14
557.3
572.66
568.61
588.55
611.91
598.72
586.66
579.38
527.61
473.78
451.82
429.86
404.38
423.84
456.91
479.87
500.15
507.28
514.67
522.05
539.5
556.94
565.59
594.12
596.62
585.39
574.17
547.57
544.27
540.97
550.43
559.9
550.09
536.62
523.15
810.07
784.16
438.02
431.0
456.98
513.21
518.21
516.16
550.75
583.01
608.32
615.66
623.0
623.63
635.63
647.62
655.08
645.19
646.12
640.78
608.78
521.05
450.46
439.25
439.74
422.68
362.65
464.74
492.93
367.92
349.52
393.26
433.21
448.43
493.48
505.03
516.58
554.06
577.2
584.38
609.71
627.5
645.28
647.64
623.86
597.38
536.39
508.77
451.35
417.0
422.88
452.39
494.89
514.44
529.78
541.73
553.68
569.8
577.72
585.63
604.07
604.17
601.34
598.5
592.64
586.77
587.25
599.7
594.03
586.21
560.48
512.4
447.87
402.19
411.6
413.2
490.49
499.91
453.33
474.99
504.84
521.97
557.14
578.52
591.88
618.75
623.48
628.21
657.71
701.88
720.28
741.37
728.48
682.29
596.38
534.09
512.92
510.53
511.13
480.44
459.19
443.43
450.97
495.86
517.83
602.16
650.88
699.59
767.01
778.32
811.88
798.32
802.51
819.73
834.45
824.27
781.67
689.59
636.63
583.66
550.78
606.94
628.11
606.83
632.32
719.92
739.49
733.28
730.2
740.26
763.38
777.89
792.41
787.06
800.24
816.53
825.0
854.7
856.56
839.86
779.03
708.14
655.76
590.04
552.85
526.75
498.88
485.75
523.21
511.97
537.28
653.36
637.16
650.24
660.45
662.86
670.54
678.22
681.86
655.5
635.28
626.5
619.58
625.14
617.13
519.71
513.1
514.13
505.89
500.27
488.65
467.51
437.56
443.34
454.75
444.65
459.23
493.06
503.82
531.06
604.72
653.86
681.08
692.51
703.95
761.64
744.79
726.35
707.9
692.88
648.23
588.54
503.25
458.53
431.03
424.19
413.03
432.38
469.82
519.37
593.75
620.59
608.91
609.04
609.17
627.61
645.72
660.03
661.95
648.8
635.65
597.35
553.66
527.13
500.59
450.85
413.64
376.43
311.0
308.75
329.6
362.23
376.01
415.59
471.31
491.42
515.68
521.54
524.45
527.36
539.18
569.69
598.38
616.9
635.42
638.71
584.04
510.05
427.83
392.8
357.78
347.2
348.18
332.99
348.92
351.2
355.6
417.89
487.68
526.74
528.49
524.35
534.36
542.87
541.03
537.11
548.56
548.87
549.17
548.13
544.19
538.72
528.27
517.81
480.53
413.95
381.69
354.93
322.57
307.42
328.72
364.37
402.3
458.36
475.19
492.03
504.72
510.04
530.87
569.91
563.91
545.51
540.46
525.99
514.0
502.02
495.92
459.47
377.01
346.82
391.68
392.48
389.57
391.17
392.76
388.94
401.5
414.05
428.57
460.03
469.44
478.85
488.05
497.24
528.68
554.5
578.39
582.08
565.09
521.88
412.76
369.41
340.2
285.26
216.26
213.4
202.08
191.29
192.78
225.88
292.07
334.0
343.24
348.49
373.05
396.42
414.67
421.3
427.93
418.37
419.09
411.38
390.52
322.71
225.93
145.95
94.97
51.65
39.04
31.4
26.34
24.15
27.46
57.95
91.04
159.18
212.14
235.22
282.0
301.11
322.65
332.12
341.59
336.38
315.71
306.98
249.53
192.69
148.72
86.94
49.78
19.04
18.44
18.13
18.46
19.98
22.0
28.16
133.51
242.89
259.58
244.21
259.54
300.13
336.93
373.36
369.58
377.86
390.41
397.7
404.07
396.41
381.96
373.14
364.31
321.7
293.7
313.16
297.48
279.72
267.38
258.64
268.11
279.37
287.11
294.85
296.24
304.88
335.05
342.62
330.15
327.54
329.09
324.3
311.91
310.36
285.32
256.02
223.44
202.92
182.4
223.06
226.88
227.3
235.37
215.99
226.84
246.21
263.38
272.06
264.31
273.33
286.15
289.88
311.03
371.11
404.46
429.79
437.21
451.53
456.88
444.89
432.91
404.67
374.07
369.63
372.72
387.79
388.46
392.33
404.6
416.86
443.99
454.33
450.56
446.79
445.3
443.81
447.02
450.23
453.02
445.33
437.65
428.26
417.69
407.12
411.6
410.95
410.29
404.09
400.57
397.04
391.45
408.01
424.57
446.59
447.27
447.95
432.33
389.0
369.44
348.94
348.41
357.54
364.39
374.02
365.86
349.55
340.22
329.92
286.65
204.15
163.51
144.32
136.29
113.46
109.57
128.78
160.11
193.82
253.94
294.28
322.37
382.29
426.71
470.02
533.45
547.8
552.31
565.16
551.74
540.37
528.99
500.66
462.25
386.62
288.7
238.25
172.43
157.97
153.89
174.38
206.68
244.14
315.7
358.29
375.57
417.28
457.11
486.43
510.97
533.43
585.78
529.45
459.23
375.65
288.94
202.24
143.27
112.11
68.06
45.96
22.17
20.37
26.13
53.43
81.05
149.61
207.91
236.0
267.66
305.77
372.98
406.58
440.18
478.42
487.83
470.59
389.01
299.56
222.05
143.73
105.84
86.2
75.83
65.45
60.54
59.24
100.78
142.18
159.66
238.32
298.3
316.81
371.4
445.13
476.03
515.04
540.93
580.91
605.97
605.28
531.77
448.76
364.78
312.85
267.24
164.29
138.51
110.98
99.93
101.97
107.22
142.01
160.1
243.54
284.26
296.69
335.36
360.22
398.17
422.82
445.57
468.31
474.56
444.21
341.49
255.09
175.16
145.16
126.37
96.2
63.08
58.41
52.83
62.19
72.09
92.0
144.07
163.08
231.92
296.8
334.51
378.18
407.26
442.09
489.86
499.27
508.68
501.09
451.12
377.68
328.78
216.83
172.95
146.28
129.05
115.46
124.23
128.88
151.66
165.22
176.6
220.44
238.98
257.52
284.32
318.49
330.49
341.81
341.8
341.8
349.04
343.0
343.43
324.41
251.56
196.92
147.22
120.48
117.54
146.12
159.38
182.81
192.22
238.07
308.76
368.05
385.69
407.98
418.79
424.88
433.52
443.29
442.34
441.38
443.63
435.85
428.07
410.5
394.69
353.96
358.56
361.15
351.16
350.03
339.33
285.67
278.32
290.81
305.22
343.2
349.78
360.02
370.26
373.1
408.63
400.98
412.23
425.0
413.59
399.0
384.42
351.43
320.82
240.55
150.63
104.67
48.65
19.65
19.58
21.4
23.03
24.66
26.9
79.9
100.87
170.0
298.13
427.07
568.54
712.81
750.15
746.49
742.82
731.47
698.21
645.24
520.26
450.89
406.94
355.65
361.34
380.98
375.12
378.02
407.56
424.46
426.6
437.64
473.53
492.12
469.23
476.53
481.27
501.67
519.1
532.79
548.94
560.61
538.6
523.03
423.37
421.92
389.92
390.88
472.27
391.93
383.74
377.62
460.52
466.34
474.9
500.99
496.87
519.44
551.97
557.06
529.83
548.16
546.01
526.02
516.53
495.62
465.0
428.03
401.52
348.15
287.63
252.09
220.29
174.4
164.38
182.02
193.24
201.79
231.72
263.76
285.54
287.24
305.33
318.63
336.02
350.22
332.82
329.82
329.99
310.1
274.01
253.25
199.04
209.29
198.49
141.52
164.29
266.62
249.15
253.01
221.45
227.86
241.16
293.0
309.1
325.19
338.44
331.65
337.01
342.38
354.64
366.89
398.54
381.24
365.47
335.44
296.83
241.56
200.74
169.93
142.23
127.88
109.0
107.85
107.76
107.03
157.6
192.96
249.85
291.29
324.93
351.4
391.84
453.81
479.09
480.49
454.83
380.96
328.33
250.27
141.16
72.5
47.96
35.38
38.62
87.66
113.1
94.65
152.64
181.79
198.04
226.15
231.78
237.4
242.36
262.76
262.77
243.16
221.71
199.35
248.63
281.32
236.56
173.71
151.45
118.25
103.29
89.81
89.9
152.29
184.43
292.27
316.03
339.79
336.92
343.81
349.99
356.17
385.43
402.69
435.96
458.3
469.56
482.25
476.68
447.39
418.1
336.76
263.01
201.58
170.58
139.58
122.15
131.04
152.3
140.36
71.69
62.74
79.72
95.43
143.76
160.36
201.19
214.32
251.81
273.72
297.87
304.03
317.91
291.66
157.51
123.6
36.49
23.32
21.85
21.11
21.03
20.91
21.04
22.04
22.31
23.44
25.86
28.92
30.45
79.37
108.07
128.37
157.8
146.12
171.68
209.79
221.06
204.61
157.53
79.4
27.04
25.97
24.96
21.8
21.08
20.36
19.33
19.65
19.96
22.3
25.9
27.42
30.05
31.62
53.27
74.92
90.83
96.9
112.21
143.41
153.73
133.97
112.52
71.72
42.37
41.88
76.66
131.3
142.67
129.37
102.42
89.65
74.71
69.04
77.46
111.07
129.45
167.02
187.62
230.13
278.21
278.86
297.31
296.13
284.14
264.37
211.78
156.76
129.01
69.77
45.43
21.84
22.01
21.47
21.45
22.16
22.86
25.31
27.7
30.09
82.56
170.09
189.37
205.62
214.89
218.38
239.42
250.71
256.51
241.94
196.36
158.29
144.55
158.66
152.99
109.79
156.08
153.57
128.11
270.19
332.45
293.58
263.25
279.52
318.99
347.2
359.11
365.58
369.05
362.29
356.58
362.64
368.7
367.28
349.64
323.94
294.3
236.9
282.47
317.62
219.2
199.54
168.73
156.95
249.05
273.37
299.54
308.46
320.6
349.84
418.42
439.49
455.78
469.34
473.12
476.91
486.25
489.05
491.85
476.51
462.95
449.4
410.99
376.8
320.9
319.06
334.58
339.6
336.72
343.66
355.65
389.12
404.12
419.12
434.88
448.41
458.95
469.49
474.62
474.4
474.19
464.89
455.6
418.21
377.07
352.79
328.51
289.16
265.47
241.77
221.23
230.56
243.75
272.51
307.07
342.8
364.96
387.12
366.67
310.69
267.21
234.81
231.04
231.5
228.59
203.59
147.9
67.7
27.37
22.59
20.57
19.72
18.86
18.01
17.52
18.88
18.9
21.62
23.43
25.23
27.86
28.92
29.99
36.57
71.54
92.56
111.81
151.8
157.51
119.7
80.78
45.05
26.26
24.96
24.24
24.79
25.35
22.42
21.55
22.16
22.78
24.65
26.52
29.61
39.52
71.66
81.78
140.76
191.87
213.28
237.76
237.88
219.0
191.47
173.97
168.17
154.37
129.08
128.03
151.74
190.16
173.62
146.52
145.28
159.87
173.59
183.93
200.93
232.01
238.77
245.52
271.0
299.35
299.11
275.14
248.93
240.71
232.38
193.25
167.86
176.41
195.21
199.6
233.06
251.7
211.99
153.0
142.87
138.83
156.9
183.79
220.96
242.54
268.65
302.23
352.18
357.81
362.43
349.73
350.18
351.69
337.07
312.91
308.56
323.15
326.4
329.76
327.9
327.1
326.31
337.74
362.49
352.78
348.42
349.65
348.71
347.72
351.03
358.53
359.0
363.56
368.63
373.69
392.5
396.71
391.28
376.63
361.98
331.96
359.03
394.31
389.41
384.51
396.23
381.23
391.81
373.47
369.54
378.33
393.88
433.22
451.42
462.84
493.21
534.86
573.15
577.74
584.21
590.67
513.97
432.57
365.16
316.21
248.27
187.75
143.26
129.07
99.85
81.72
95.47
105.52
124.36
155.43
178.55
201.66
206.24
234.22
248.88
289.16
300.58
325.3
352.37
371.22
381.13
369.24
331.42
290.79
279.35
243.74
142.54
112.04
109.13
127.67
155.59
155.22
140.19
158.82
197.08
247.6
278.34
281.03
300.62
312.01
305.9
325.13
342.23
332.6
256.46
180.19
150.99
70.86
36.12
55.89
55.69
52.22
27.05
23.85
24.67
25.49
26.98
28.98
87.58
100.73
115.77
160.29
189.99
215.81
234.26
254.25
269.2
264.15
241.19
215.65
154.34
77.1
30.44
24.25
22.82
22.56
22.3
21.94
22.76
23.58
26.32
28.03
64.71
88.6
111.54
132.18
175.57
202.5
247.62
261.61
275.6
297.17
294.51
234.06
177.38
151.26
77.6
63.73
47.15
36.66
30.71
21.19
22.25
23.61
25.89
44.85
81.36
161.42
235.87
266.93
275.29
304.96
306.86
302.93
304.54
291.06
268.8
228.79
206.29
147.08
88.3
78.09
70.71
34.1
39.62
45.78
35.97
34.39
43.05
76.93
133.01
162.74
217.37
265.14
283.69
300.75
321.52
330.52
325.25
316.48
295.85
275.22
219.36
174.05
141.46
92.85
72.73
30.47
22.71
23.55
24.32
25.09
27.22
29.14
42.35
55.56
94.67
112.63
124.54
138.74
154.15
165.46
145.54
134.57
88.28
38.34
28.9
26.33
26.99
86.83
54.6
24.99
23.27
22.28
22.35
23.38
26.18
27.52
80.68
103.48
116.72
109.34
101.33
112.17
132.57
143.07
149.4
144.18
125.13
99.88
84.18
78.94
78.99
73.38
86.06
148.66
179.29
187.12
190.03
159.56
161.62
184.27
203.63
230.79
244.61
258.44
277.3
302.52
330.76
346.04
353.14
353.65
341.06
319.31
282.37
249.27
200.73
152.36
146.21
119.28
102.18
106.82
70.14
64.67
83.31
110.74
163.59
197.49
218.5
214.61
190.32
183.64
180.37
187.38
209.8
239.91
275.48
271.03
251.22
220.95
197.89
153.77
108.26
98.93
108.53
111.86
93.47
73.31
45.97
41.12
48.63
74.72
79.2
77.74
81.22
146.76
205.16
228.96
233.46
228.26
205.97
200.52
191.44
182.89
174.35
184.29
200.61
149.97
117.95
112.97
90.41
84.31
89.67
149.95
200.0
243.54
267.32
301.42
349.3
362.73
364.9
380.29
372.53
350.75
305.95
316.01
292.28
224.08
183.85
261.09
261.17
147.4
82.59
141.51
186.42
195.25
195.15
199.99
227.4
258.48
300.1
317.35
324.61
335.62
352.77
355.43
359.81
356.31
380.54
422.27
434.41
445.62
437.75
409.28
381.69
371.34
360.99
355.53
370.82
401.21
398.4
378.37
384.37
410.65
448.73
507.32
514.52
530.51
549.71
588.64
608.06
616.66
548.83
449.02
396.78
355.99
275.86
242.31
208.77
187.55
157.02
147.86
152.19
145.4
177.41
211.22
257.47
262.17
259.77
263.95
270.41
276.65
281.75
304.07
324.19
331.58
389.1
368.33
330.78
306.34
325.14
310.61
233.38
174.27
137.64
153.1
218.22
200.32
243.39
248.01
290.61
321.2
336.13
340.49
348.54
361.63
372.41
381.48
385.0
388.51
350.73
300.1
240.54
223.48
199.19
142.86
115.46
113.66
143.3
137.59
66.87
53.35
80.57
159.99
214.21
240.53
279.95
285.16
302.01
304.32
295.42
298.62
306.33
311.14
316.36
313.29
303.14
284.89
252.05
213.38
150.53
157.77
186.02
233.81
262.46
222.1
246.82
253.69
259.86
286.04
297.89
299.18
310.08
322.98
338.1
357.65
364.49
371.33
383.36
348.72
319.7
254.42
235.57
216.72
149.15
135.16
118.03
146.14
156.4
181.0
272.16
268.1
287.4
299.89
313.94
329.4
352.77
358.58
364.38
373.67
364.07
353.28
342.48
329.15
324.77
320.39
309.03
297.67
263.17
223.1
207.7
217.99
224.24
235.93
248.85
261.77
259.41
261.75
265.58
269.41
271.87
265.63
259.4
258.63
257.86
237.92
230.99
224.07
201.3
155.93
137.34
78.05
47.63
29.93
25.74
23.52
24.55
25.99
27.6
29.42
31.23
88.47
104.41
121.8
148.03
171.83
179.92
187.14
187.52
168.4
137.28
85.54
32.22
28.0
25.98
24.44
23.0
21.55
20.06
20.02
19.98
20.49
22.58
25.82
27.51
29.2
31.49
32.31
34.74
49.34
59.18
65.59
68.79
55.36
32.82
30.31
28.19
26.07
22.68
21.33
19.98
18.79
18.06
17.8
19.0
19.7
20.61
21.83
23.98
26.72
29.32
68.35
174.6
294.87
314.9
311.95
277.39
242.2
154.19
79.38
29.55
25.77
24.33
21.14
20.36
19.57
18.94
19.18
19.43
20.59
22.46
24.92
27.87
42.79
57.72
92.74
111.47
118.5
133.52
143.06
174.98
262.55
240.28
204.06
147.47
79.95
25.7
22.18
21.27
20.37
19.6
19.77
19.94
20.81
24.23
73.56
151.95
192.6
232.85
239.75
279.62
311.25
330.4
335.97
361.79
353.3
156.71
89.02
53.02
25.21
23.34
20.72
19.93
19.14
19.02
19.34
19.65
20.2
22.03
76.16
148.23
198.62
302.26
347.44
384.89
399.75
479.25
485.85
496.17
445.1
311.61
149.46
63.97
23.4
22.8
20.58
19.75
18.97
18.19
18.32
19.0
19.69
22.85
70.73
159.55
268.2
312.18
315.23
275.89
279.98
338.87
388.29
401.19
337.4
151.48
125.74
134.54
63.99
21.27
21.28
20.34
19.12
18.9
18.67
19.68
20.84
22.01
25.11
27.47
59.89
92.31
148.42
189.99
238.72
247.96
233.58
251.55
278.55
277.68
269.86
216.91
165.44
154.48
149.3
126.84
82.89
66.49
53.15
66.19
92.35
126.65
158.96
225.49
248.99
301.34
348.91
387.46
403.94
420.41
463.08
460.01
439.49
369.49
355.33
322.16
244.52
211.27
224.41
222.66
198.09
166.29
240.9
279.42
218.06
301.53
325.19
325.72
325.13
342.32
373.56
398.4
410.92
428.63
441.61
454.58
450.01
367.89
282.12
255.66
236.94
218.29
192.67
143.37
132.06
123.43
128.51
132.89
134.09
141.54
152.37
178.65
206.27
259.63
299.97
335.9
381.94
398.6
402.84
408.31
399.74
348.73
270.29
230.15
174.84
142.98
106.61
83.0
75.92
79.79
99.41
112.72
122.97
117.15
134.55
156.34
176.3
191.28
199.86
212.65
233.08
237.4
241.71
261.66
296.98
301.89
285.8
291.0
296.19
296.0
295.82
278.33
250.36
282.51
299.53
298.64
293.43
280.23
274.47
273.63
271.61
269.6
261.15
259.43
264.0
268.57
268.37
268.17
229.79
206.17
155.23
118.34
97.56
97.95
94.36
78.55
61.53
43.34
38.45
32.23
34.4
40.56
45.29
54.48
69.44
98.89
127.55
145.79
180.36
231.65
232.98
248.69
241.92
175.44
126.82
78.8
31.5
26.22
24.45
23.6
22.74
21.58
21.59
21.6
23.34
24.77
26.2
30.33
31.26
78.1
96.28
120.23
145.57
168.84
189.77
198.49
184.66
162.63
90.92
35.77
28.72
26.62
25.41
24.2
22.35
21.88
21.42
21.75
22.03
24.11
27.18
28.8
30.43
32.57
33.55
34.53
41.15
69.24
71.39
64.51
55.64
33.11
31.01
29.44
26.38
25.27
24.15
22.2
21.31
20.42
19.53
19.75
19.98
21.96
24.51
26.11
27.7
30.04
30.92
31.79
32.71
33.64
34.0
34.35
34.78
29.68
28.91
27.29
25.32
23.36
20.71
19.76
18.8
17.56
17.84
18.12
18.86
21.17
23.93
25.22
26.52
28.38
29.08
29.78
31.0
32.22
32.5
56.21
60.8
57.2
45.73
32.59
26.73
24.82
21.96
21.25
20.53
20.11
20.84
21.56
28.46
46.96
54.09
69.38
83.88
91.19
97.25
105.76
125.76
129.24
131.33
123.53
123.31
133.0
137.8
142.71
142.98
143.25
137.05
135.36
133.67
150.53
192.01
192.98
194.03
188.32
183.42
188.57
197.44
196.78
196.41
199.43
206.2
218.59
245.99
280.97
276.86
268.24
261.39
247.24
220.6
151.61
107.74
85.09
83.16
74.12
53.18
68.86
67.83
82.12
91.58
132.58
164.19
180.7
189.87
198.04
212.86
235.83
250.04
264.25
261.29
217.07
147.43
95.06
61.11
29.66
27.26
25.57
23.96
24.0
24.04
25.62
26.81
27.99
31.14
58.53
85.91
172.63
198.48
225.1
238.26
243.47
249.54
264.05
264.58
234.01
214.36
191.09
176.83
148.59
97.35
74.91
79.26
98.07
135.46
159.86
156.91
113.53
106.03
124.33
157.74
191.63
217.42
241.08
266.1
282.27
298.43
318.9
323.73
295.23
264.19
230.05
152.56
138.98
130.87
93.92
82.24
89.67
96.74
108.47
120.75
157.69
224.15
236.48
238.48
247.31
255.57
272.29
284.7
303.88
338.53
336.97
332.35
311.45
285.09
238.56
196.24
153.92
140.07
79.37
68.6
68.54
76.82
83.04
90.25
107.39
131.35
161.29
179.48
200.56
201.44
231.27
253.49
258.68
259.19
274.03
280.88
251.19
193.18
157.95
140.86
135.01
142.38
157.4
168.59
153.13
136.0
132.83
123.22
105.87
186.9
268.52
287.42
294.21
299.54
304.68
303.38
310.4
317.77
322.74
327.71
315.9
300.05
269.22
224.22
207.69
187.67
151.7
124.33
95.13
91.96
91.36
82.92
92.08
128.39
147.22
172.76
215.05
236.8
249.58
257.18
276.39
297.05
306.42
326.06
313.48
286.16
300.92
310.92
288.48
248.65
225.42
204.46
157.85
135.35
103.13
113.17
130.72
160.86
190.15
217.03
247.08
258.22
289.35
293.26
280.87
298.07
302.64
295.36
271.7
241.29
221.24
156.21
93.35
63.11
52.52
36.46
22.69
33.84
30.99
25.12
35.17
85.4
105.03
109.81
100.52
107.45
126.71
140.87
178.51
245.98
237.16
227.28
217.77
180.42
159.66
141.64
91.61
60.64
44.76
90.67
97.53
50.94
77.66
98.71
126.7
152.71
193.0
196.7
178.84
216.31
237.12
238.68
228.31
257.52
267.68
261.76
233.49
218.51
197.07
197.58
198.09
202.25
117.06
78.94
65.55
69.65
77.64
125.0
233.47
201.92
208.28
223.96
235.75
261.81
263.38
265.28
272.54
279.8
299.39
303.26
296.06
302.31
293.93
274.76
260.91
201.69
134.33
79.59
141.78
182.08
172.28
185.7
205.26
214.55
221.88
242.22
291.47
323.27
355.07
402.76
440.18
419.93
413.57
397.82
325.38
260.68
180.25
149.4
121.18
94.77
47.24
28.74
83.97
89.79
65.88
60.52
64.53
64.26
92.11
106.28
115.67
135.49
147.62
141.62
126.95
125.83
129.49
120.79
104.47
86.52
75.46
61.31
28.77
28.17
26.35
25.94
25.53
26.02
26.0
25.97
27.54
29.11
32.16
33.2
34.23
35.72
37.75
46.09
59.39
81.29
100.31
101.98
87.86
63.17
34.28
30.06
27.79
26.29
24.8
23.0
22.71
22.42
23.52
24.98
26.45
30.23
31.62
33.02
65.96
78.81
93.57
111.69
137.99
139.73
146.85
146.33
146.7
136.13
92.52
33.32
29.58
27.59
25.6
23.3
22.72
22.13
22.63
23.7
24.77
28.18
29.98
31.79
34.26
58.06
81.85
105.84
118.09
134.85
146.62
153.31
105.03
77.71
30.43
29.89
27.45
24.25
23.21
22.17
21.15
21.3
21.45
22.16
25.16
27.18
29.2
31.88
33.1
34.31
54.8
79.39
106.68
123.92
153.79
163.82
106.72
84.17
35.76
29.59
26.49
25.25
24.0
22.44
21.94
21.43
22.09
22.19
24.84
26.73
28.62
31.12
37.52
40.41
41.51
44.07
106.35
150.58
171.6
183.64
114.72
47.06
30.32
26.82
25.24
23.66
21.32
20.29
19.26
18.65
18.83
19.65
22.18
23.86
25.54
27.89
28.98
30.07
32.11
38.95
69.88
82.76
73.44
66.7
55.42
31.31
30.05
26.5
24.36
22.23
21.25
20.48
19.73
19.19
19.44
21.08
23.55
25.47
27.39
29.97
30.72
31.46
32.64
33.26
33.77
34.28
34.91
44.39
40.68
31.49
28.91
26.11
25.68
25.25
25.52
23.63
22.52
22.37
22.07
22.66
25.59
27.15
29.17
33.66
46.0
71.52
93.42
107.2
125.4
136.56
145.42
176.11
214.1
210.43
160.74
103.02
75.98
41.89
34.75
36.71
23.1
23.3
25.03
31.87
38.72
72.72
106.97
169.28
192.01
210.21
227.92
234.64
241.36
263.4
256.39
239.05
236.75
201.28
157.71
142.09
107.99
148.39
182.33
169.87
183.88
198.82
198.1
182.66
188.23
207.41
236.21
267.41
276.42
278.6
303.5
309.24
305.83
303.71
312.63
325.6
306.63
254.82
231.7
195.22
158.73
136.91
106.78
90.53
63.99
46.08
46.54
56.96
76.67
104.54
162.29
163.52
170.21
202.3
215.86
229.56
259.67
273.82
284.31
301.49
314.58
299.78
246.16
182.02
150.57
135.3
127.66
117.86
115.35
92.73
91.26
93.98
106.71
125.95
150.67
172.47
261.42
296.49
330.35
331.83
333.93
343.23
351.9
386.42
326.33
206.85
157.18
137.06
90.33
51.04
23.28
22.57
21.86
21.77
24.99
34.91
135.53
204.96
216.54
242.44
262.44
280.97
308.21
317.13
334.71
348.73
342.85
338.81
320.68
295.47
226.71
179.26
147.86
87.69
75.53
74.81
43.4
33.05
39.63
64.65
81.23
92.63
148.94
201.58
219.84
250.25
299.21
329.09
338.24
318.89
289.76
275.3
254.48
205.87
157.27
132.27
83.87
75.4
103.62
162.0
215.59
231.99
233.03
227.83
211.29
200.57
208.62
231.6
257.44
265.28
271.28
285.31
296.94
323.74
339.3
367.51
359.29
299.39
246.56
224.88
198.84
175.62
151.45
158.83
239.41
284.98
302.95
301.48
293.18
301.19
335.42
358.97
350.14
271.05
144.53
86.4
34.62
36.53
37.28
51.0
72.86
31.66
31.61
28.56
25.21
21.99
21.02
20.06
18.34
18.55
18.77
855.68
850.86
23.71
26.85
28.07
29.29
31.74
34.52
46.89
57.63
74.52
99.87
97.69
82.55
73.89
50.9
34.95
29.22
27.99
26.77
25.48
24.51
25.25
25.99
25.95
27.29
30.51
32.97
33.64
34.77
35.91
54.75
84.59
96.99
87.82
87.77
105.86
94.03
40.4
31.97
29.81
27.66
23.9
22.74
21.57
20.24
20.23
20.21
20.98
22.99
25.68
28.9
29.98
31.06
32.71
33.51
34.23
34.94
36.16
36.29
36.43
33.76
32.37
30.29
27.92
24.17
22.62
21.07
19.12
18.79
18.46
19.03
19.77
22.52
24.42
26.32
28.82
29.75
30.69
31.88
32.87
33.3
33.74
34.43
34.53
31.72
30.28
26.66
25.08
24.0
22.92
22.27
21.8
21.34
23.13
24.42
25.72
52.78
87.55
100.49
99.44
97.19
93.21
95.64
101.95
96.63
96.35
101.16
101.48
101.42
105.06
101.73
81.31
34.54
27.05
24.77
23.56
22.35
22.52
22.95
23.37
25.68
27.98
31.18
32.21
33.25
34.83
59.69
70.64
70.65
108.88
128.66
128.54
84.68
33.66
31.16
28.91
26.67
24.03
45.61
67.18
78.51
58.18
70.6
98.83
141.93
141.56
161.97
164.44
164.39
168.32
184.63
200.56
207.05
213.55
205.58
212.09
207.03
184.16
159.93
149.01
101.82
85.71
107.94
97.4
53.48
79.83
98.59
100.84
146.49
163.29
187.92
185.22
191.73
188.86
189.65
188.47
188.91
192.71
192.35
191.98
174.45
172.19
171.0
164.07
106.29
82.07
65.36
50.43
26.72
27.25
26.98
27.45
30.6
32.54
34.47
847.03
833.68
98.75
111.83
133.39
158.83
174.31
192.33
196.89
204.99
190.28
164.72
95.8
53.2
30.15
27.03
26.41
25.84
26.3
26.75
27.39
30.3
33.73
64.54
75.19
76.25
77.94
94.46
101.66
103.56
107.57
89.52
95.14
110.9
101.52
71.42
80.17
58.26
29.89
27.58
27.08
26.58
27.82
28.73
29.65
32.39
37.11
41.82
73.37
84.48
103.64
111.77
112.02
106.02
116.25
141.54
157.39
150.63
111.8
101.59
58.41
34.73
31.64
30.11
30.0
29.89
30.99
31.48
31.97
35.04
36.2
81.3
87.0
84.26
109.96
126.46
118.6
110.02
104.86
113.32
114.52
107.34
98.02
47.34
35.31
34.26
32.14
30.14
29.59
29.04
29.03
29.55
30.07
33.43
49.08
64.74
102.99
110.55
117.11
121.78
119.84
121.83
129.84
127.58
132.18
123.59
100.22
66.88
37.23
31.11
29.09
28.09
27.09
26.25
26.68
27.1
29.64
31.68
33.73
36.17
63.97
91.78
104.66
114.27
127.98
147.74
179.22
187.24
179.02
173.11
143.09
161.81
191.19
190.51
137.03
87.36
60.67
28.99
28.17
29.84
62.85
98.41
122.2
165.88
173.67
184.67
195.2
227.26
242.38
243.99
246.42
271.07
291.49
273.22
245.49
225.36
159.25
169.23
161.6
156.65
206.1
224.26
207.78
203.0
205.0
230.01
284.42
299.0
307.75
342.57
346.81
364.75
375.66
401.86
432.89
433.58
420.49
398.47
359.63
325.38
252.62
153.79
140.69
110.21
72.0
53.2
44.59
43.79
52.16
93.73
163.86
180.14
228.5
297.5
304.19
310.88
313.46
320.55
320.88
318.27
310.04
292.82
283.61
245.45
165.62
115.78
84.68
40.67
28.1
28.04
27.99
29.34
29.59
31.87
34.15
61.42
79.19
74.75
105.88
152.03
164.92
160.97
177.44
195.35
179.13
172.5
154.28
108.55
94.47
88.43
56.99
30.82
59.78
74.92
66.94
67.32
52.53
88.36
149.76
196.17
187.18
200.38
194.13
187.38
197.75
216.75
234.94
239.19
243.43
239.24
225.78
205.6
196.36
191.29
185.99
195.87
157.43
122.39
109.67
165.1
191.8
188.58
210.98
222.03
229.92
237.81
218.02
190.15
171.35
161.83
171.95
183.06
202.18
226.36
216.06
167.6
148.58
93.25
61.75
39.28
41.99
35.48
29.27
29.96
33.13
33.84
71.66
104.91
114.1
126.62
143.14
175.88
174.48
178.14
188.68
192.35
203.03
221.69
216.45
201.01
167.25
160.2
119.96
90.82
49.43
28.69
27.22
29.15
31.83
50.94
70.05
114.85
132.43
135.68
151.75
179.78
208.18
223.61
242.59
287.38
302.17
279.62
235.56
145.2
79.82
47.92
32.48
27.12
26.39
25.66
26.05
26.79
27.53
30.52
43.86
86.63
109.25
132.56
156.27
173.12
179.63
179.11
186.43
198.11
209.8
217.82
184.24
144.23
104.22
73.48
30.07
27.96
27.6
27.23
26.95
27.66
28.38
31.3
34.75
68.06
101.37
115.08
139.71
186.84
211.92
226.21
240.49
253.82
264.93
275.73
242.51
196.01
173.13
160.84
127.08
133.96
142.32
115.98
95.29
66.82
53.52
86.16
110.77
134.49
138.76
143.03
150.46
157.89
173.07
180.86
186.11
192.94
198.09
196.12
194.15
194.41
179.85
164.22
119.26
92.38
89.49
95.44
95.73
99.92
106.73
110.12
122.81
132.47
151.87
160.33
168.78
179.58
197.52
206.65
213.29
219.94
241.38
241.01
169.76
103.75
62.42
35.03
30.0
28.97
27.25
27.11
26.97
28.85
29.04
33.3
35.51
84.79
111.37
140.45
180.22
220.94
233.84
228.01
235.53
257.0
292.11
313.94
278.85
162.74
106.26
69.52
27.74
27.24
26.07
25.86
26.53
27.2
30.08
32.01
33.93
36.8
68.11
80.41
110.32
125.13
143.54
161.0
174.95
176.11
180.73
174.12
153.62
117.33
83.69
34.09
32.78
31.93
31.07
27.97
27.82
27.68
30.27
32.09
33.92
36.54
37.69
38.85
62.5
83.04
94.86
125.94
182.02
207.9
225.4
186.53
167.26
104.95
48.09
31.74
28.88
27.62
26.36
25.08
25.39
25.7
27.2
31.47
33.69
35.91
71.63
107.35
131.58
200.85
295.44
318.24
352.35
357.49
363.01
363.86
340.77
305.05
245.89
188.87
130.55
85.0
63.13
80.22
86.35
63.19
67.8
105.91
169.29
225.99
252.83
282.39
279.4
280.9
266.15
241.57
226.14
192.09
190.75
196.82
165.95
132.38
82.82
53.51
36.71
30.1
92.31
133.7
133.4
125.51
126.55
146.26
168.19
183.13
198.07
213.98
210.71
194.58
186.98
199.62
198.31
213.84
224.55
215.45
192.98
219.1
218.33
205.5
201.93
166.49
163.32
159.08
148.72
157.49
169.31
188.79
203.25
213.32
217.05
220.79
233.48
232.06
232.65
233.24
242.54
254.92
257.56
259.74
249.86
240.19
230.51
205.6
193.21
170.41
160.01
106.55
111.12
134.92
119.78
140.31
171.19
187.63
202.0
221.54
259.73
275.67
285.39
295.11
296.05
296.99
297.78
298.22
269.69
211.85
188.42
160.33
114.16
98.35
77.68
31.89
29.97
31.33
59.18
73.28
112.93
118.4
106.37
105.76
111.01
119.53
121.6
165.66
194.93
229.44
263.95
264.78
249.19
222.73
165.13
151.12
108.67
113.85
104.91
88.59
64.95
47.48
104.57
131.89
151.6
174.59
201.1
244.31
280.92
307.27
326.24
348.35
363.2
348.39
348.6
347.02
323.74
262.76
155.24
111.59
74.0
39.37
29.78
32.78
68.03
87.15
101.82
135.66
166.01
213.13
233.33
244.39
249.18
265.57
277.47
280.67
282.82
293.3
301.47
300.55
251.53
235.37
222.77
215.11
225.24
217.08
208.93
212.88
213.38
216.22
228.49
251.73
276.9
285.52
294.14
292.75
298.47
299.96
297.82
294.25
290.68
293.02
298.33
320.23
335.77
317.69
248.16
204.13
185.03
149.82
125.26
110.48
74.88
85.18
114.8
168.63
205.65
285.17
324.53
327.41
322.99
326.32
342.42
344.7
351.92
359.13
372.38
359.88
338.45
304.59
248.48
167.74
128.07
105.58
160.62
204.62
256.09
275.53
277.64
266.55
298.35
328.45
344.14
348.07
339.1
352.65
371.74
371.55
364.53
357.48
357.02
361.45
323.14
241.51
209.04
176.57
140.4
113.39
110.63
112.66
115.43
109.93
148.67
217.35
250.31
297.56
324.23
338.13
328.64
318.58
323.87
345.72
358.25
352.59
372.92
380.73
359.79
286.25
161.27
123.08
78.86
51.18
33.33
23.92
25.67
46.81
69.23
88.25
125.19
151.12
172.54
180.46
199.87
208.23
225.73
244.87
271.74
278.94
276.04
288.32
262.93
160.64
107.78
36.77
28.7
28.03
28.64
29.97
31.3
33.27
34.22
62.49
99.94
103.88
129.21
164.97
179.99
191.93
200.4
218.14
242.99
298.16
310.18
346.12
347.79
302.61
237.03
150.23
87.17
65.26
49.41
37.59
40.96
65.57
112.52
172.41
228.16
265.35
287.97
301.01
312.84
337.02
347.62
358.21
358.59
365.23
367.1
364.81
358.47
352.13
327.08
306.39
276.03
226.1
185.26
187.73
198.31
224.9
224.81
249.55
274.28
300.54
338.75
358.05
377.35
390.93
407.59
430.44
453.28
476.12
489.52
499.21
489.69
457.15
362.91
256.79
200.52
178.9
178.42
172.87
169.38
182.74
205.47
236.74
258.88
265.0
271.12
267.84
268.55
269.05
276.31
282.28
287.22
292.17
295.33
296.34
319.8
315.11
261.29
194.51
156.81
140.39
133.64
119.59
161.65
166.74
190.24
219.77
231.42
232.31
233.2
246.61
265.32
273.72
282.65
287.38
292.11
298.3
304.73
332.59
332.06
308.72
267.93
243.15
207.62
198.16
186.7
156.2
146.06
168.19
187.65
223.82
244.08
266.32
302.58
325.9
315.91
332.53
334.67
320.25
314.04
325.05
345.98
356.8
345.79
290.27
302.27
317.99
278.19
234.8
153.31
120.9
117.57
121.67
157.88
201.17
295.25
324.87
356.89
368.42
366.11
364.73
365.08
376.5
386.39
382.72
379.05
362.5
351.3
334.26
305.02
270.39
258.56
222.03
206.97
214.64
205.34
200.84
189.77
230.9
274.95
295.04
310.99
326.94
327.29
327.66
339.81
353.52
353.74
353.86
353.97
350.41
345.84
326.44
301.9
277.41
296.41
300.22
299.55
295.54
291.52
281.78
278.91
279.53
273.02
270.75
268.48
276.38
296.97
352.0
418.9
431.39
424.08
414.67
405.26
371.55
371.65
374.87
351.7
332.33
320.09
331.57
300.57
230.9
219.39
264.11
316.09
389.07
417.77
430.89
451.02
470.2
498.69
527.18
549.41
549.77
567.8
580.09
558.12
580.4
572.84
562.41
529.19
488.92
448.65
449.33
427.98
402.0
398.55
400.53
397.54
467.5
526.53
587.78
598.86
601.17
603.49
614.79
628.17
617.5
607.29
597.77
603.12
616.01
600.83
555.01
502.03
392.15
333.74
300.02
373.33
422.1
321.87
258.08
285.6
348.89
406.96
440.91
471.26
464.29
439.24
392.11
350.16
300.24
289.54
285.33
280.42
276.24
285.59
265.52
232.04
198.32
175.08
157.53
150.1
134.69
134.66
149.31
163.71
171.25
178.36
195.39
210.34
218.11
225.87
224.75
214.01
202.76
202.78
194.97
190.23
182.42
176.35
170.29
164.84
147.78
139.28
145.83
152.66
152.88
153.11
145.91
141.43
147.91
153.94
149.38
146.42
149.38
163.12
175.67
197.91
212.55
227.19
264.83
295.95
305.12
302.02
298.97
323.91
322.89
266.7
258.6
263.01
281.99
233.55
230.09
279.08
300.81
355.48
394.55
382.27
400.11
406.35
412.59
439.51
466.42
467.73
499.24
517.23
535.54
529.7
483.28
423.62
360.84
279.42
250.61
221.81
229.93
243.54
255.84
269.64
294.94
319.88
315.31
320.72
329.45
333.28
337.12
354.7
354.43
343.78
344.8
348.57
355.32
364.21
358.01
348.03
329.35
283.19
231.72
196.26
167.92
178.74
188.43
196.42
208.0
222.67
251.49
277.05
300.24
330.96
340.42
347.89
370.93
391.58
413.72
415.67
427.85
407.37
379.66
352.6
324.77
297.88
271.0
210.49
204.18
202.9
209.09
217.16
244.29
271.27
300.92
311.61
319.99
326.92
333.84
383.38
404.57
409.18
429.3
439.02
485.24
466.98
383.02
226.95
154.15
85.63
45.87
27.91
28.44
29.77
31.11
33.38
36.28
69.03
94.5
97.53
100.27
104.58
102.68
101.28
111.32
137.11
170.12
183.12
199.06
192.35
169.46
152.53
103.87
80.53
75.54
44.07
38.21
43.59
96.04
172.34
204.54
235.67
296.93
305.57
291.21
288.65
319.46
327.7
315.94
324.99
322.98
303.16
301.33
306.53
271.49
253.49
261.51
249.98
218.79
186.49
162.66
152.78
163.27
198.87
203.7
206.23
219.71
238.82
217.61
172.03
145.99
140.48
144.0
163.91
163.63
160.53
159.58
158.64
151.79
105.73
111.35
105.32
73.52
74.73
82.74
92.87
97.97
107.36
129.49
187.32
220.3
239.76
293.79
316.7
381.66
443.32
510.47
522.72
539.35
543.86
585.0
575.22
513.87
442.59
394.96
323.19
299.53
276.64
285.28
278.79
298.94
344.95
417.77
427.11
436.12
463.4
483.61
494.51
505.41
537.03
564.39
576.45
588.52
600.66
606.15
611.63
588.27
515.39
420.36
365.47
341.91
318.99
302.79
324.1
368.81
383.53
452.04
487.91
533.25
549.66
565.02
607.49
625.76
644.4
659.06
678.04
687.94
697.84
703.4
663.52
590.6
536.9
406.58
349.29
321.37
310.96
315.04
319.12
345.24
396.8
487.56
517.72
532.11
578.16
586.38
601.81
611.25
626.74
642.23
636.91
655.36
657.21
691.35
643.86
570.75
526.7
487.51
434.3
381.21
342.81
309.1
302.33
323.44
384.85
432.4
447.76
459.55
473.88
479.3
484.73
483.8
479.11
471.55
461.84
452.13
460.55
449.77
433.92
431.1
402.59
375.2
355.76
303.02
281.0
267.66
264.19
277.58
290.98
315.06
333.67
354.35
368.94
375.5
382.06
394.74
398.08
401.43
406.09
400.12
394.15
397.47
397.09
399.64
395.91
338.35
282.67
240.81
250.15
258.46
261.34
285.14
305.95
335.42
341.58
339.71
358.43
375.17
369.76
363.36
379.19
400.33
431.98
432.47
443.47
441.38
439.3
419.16
394.62
360.37
355.91
334.84
297.64
299.25
325.51
349.37
390.93
439.13
499.97
506.89
506.5
512.57
515.43
519.64
524.86
530.5
533.82
536.2
547.33
544.59
533.35
505.66
477.97
443.19
433.9
433.17
457.94
491.83
488.95
508.98
528.38
531.24
548.29
553.22
551.07
548.91
544.91
547.88
545.02
541.53
552.6
538.68
537.31
553.77
533.12
510.22
487.32
468.18
456.41
433.74
402.43
401.07
441.71
473.09
475.15
488.5
515.88
530.0
518.57
517.09
508.33
499.57
506.02
492.75
482.99
487.63
492.27
489.91
487.55
479.28
446.33
410.96
386.71
366.45
325.19
317.75
326.57
342.08
382.47
440.56
463.02
494.83
533.4
555.11
544.82
537.38
551.12
544.86
548.52
552.17
556.14
575.98
610.34
588.59
517.44
437.61
324.32
270.99
245.25
231.71
237.53
257.92
311.26
412.11
437.19
448.58
453.71
445.03
422.89
423.37
439.73
449.6
440.21
417.62
387.7
331.75
311.56
299.49
289.39
279.29
237.11
218.35
183.79
170.07
156.35
139.75
141.37
153.17
149.44
152.54
164.39
170.38
172.14
170.13
174.2
204.18
179.62
173.04
177.26
226.58
298.36
328.11
344.3
324.18
295.1
276.9
268.61
260.31
262.29
286.89
307.33
348.63
366.15
373.73
395.5
394.39
378.47
353.88
322.64
294.88
285.95
280.89
275.4
269.91
263.47
250.16
246.55
255.07
244.84
242.16
239.47
260.98
265.57
268.27
271.68
282.01
292.33
294.12
297.3
301.14
304.99
311.11
326.61
334.33
342.06
374.23
381.68
400.84
420.0
433.9
429.67
425.43
411.02
388.82
352.89
343.47
340.28
348.16
377.92
461.62
463.52
443.72
404.46
381.11
357.76
335.63
341.97
336.26
334.64
345.56
375.04
429.62
437.26
436.7
424.4
408.61
392.83
384.75
383.67
382.6
360.44
368.12
385.64
428.36
519.83
541.61
563.4
557.98
557.25
561.5
577.64
593.77
605.66
612.65
619.64
626.83
626.63
594.6
567.74
538.64
529.23
496.56
530.01
563.27
550.59
541.72
532.84
532.63
535.8
542.57
566.59
595.76
624.92
626.38
622.73
623.84
646.07
635.66
633.35
609.97
600.12
595.43
572.13
538.34
423.14
360.55
334.05
326.28
318.51
331.57
349.11
343.51
362.14
361.92
343.29
339.98
332.34
327.78
327.22
326.57
310.17
300.85
315.95
307.8
294.35
280.89
257.31
251.18
294.63
339.64
347.68
327.68
315.14
321.41
345.0
360.22
360.8
382.25
381.6
380.57
379.53
384.11
389.97
400.92
416.73
424.17
431.6
496.96
544.19
529.75
490.25
458.55
426.85
420.66
405.98
407.65
515.11
533.24
551.37
561.24
546.88
533.64
539.25
565.05
573.46
593.76
567.94
570.35
572.75
561.97
569.17
572.76
570.3
567.84
570.51
553.95
549.89
571.78
632.48
635.49
587.37
586.96
632.34
668.96
646.97
657.01
670.01
660.72
666.69
671.82
684.47
689.03
693.6
672.13
665.51
665.45
653.74
635.47
594.0
564.58
544.25
523.41
507.18
523.27
560.97
579.79
599.68
601.02
586.22
560.38
548.17
535.95
529.97
516.32
484.42
454.12
423.82
390.62
467.99
564.13
611.31
637.48
624.91
591.98
562.34
520.11
526.84
529.47
476.55
512.88
565.76
578.83
589.25
603.62
629.69
654.71
695.43
736.14
785.94
835.74
872.7
877.05
881.4
897.23
907.83
918.43
906.49
888.57
870.65
831.85
819.91
807.97
807.73
821.22
834.72
843.27
852.8
862.34
849.0
840.15
831.3
838.6
810.48
782.35
770.69
759.03
743.3
737.41
723.22
709.03
657.92
608.47
562.37
516.27
491.06
465.85
492.06
517.47
556.91
559.92
579.33
587.52
626.75
652.42
678.08
721.75
746.26
770.77
790.49
823.78
839.09
854.4
862.02
837.23
780.33
691.97
528.38
474.29
420.19
395.61
438.75
518.39
566.6
618.48
585.54
582.98
593.05
576.34
570.77
565.84
534.15
523.64
497.75
488.99
480.23
462.55
446.44
430.32
395.49
381.71
367.92
380.27
383.93
366.84
344.21
368.21
385.29
384.79
381.25
385.08
382.08
379.08
369.64
366.8
360.18
353.76
364.03
385.29
399.17
399.73
400.3
395.72
369.54
340.35
322.06
322.96
323.46
303.15
288.09
293.14
300.7
355.51
378.42
364.51
368.61
374.86
371.13
373.98
386.24
350.01
287.66
240.81
233.22
267.9
344.82
364.0
371.23
361.12
346.45
329.54
298.68
304.5
316.8
321.58
326.36
340.53
364.16
395.69
455.01
469.0
445.21
426.19
412.27
402.93
423.85
462.77
459.34
455.17
436.45
409.46
400.27
438.34
449.73
388.34
350.65
331.91
326.31
338.04
370.25
404.29
436.93
449.49
462.04
482.15
469.65
448.43
446.66
444.89
455.5
466.1
441.37
441.52
438.22
434.91
417.78
408.48
397.39
387.1
376.81
362.81
436.41
462.46
430.52
447.0
484.23
496.45
502.16
492.94
483.71
501.87
505.74
493.73
493.43
493.09
516.42
529.74
539.95
533.08
513.67
483.81
429.27
374.42
369.26
364.78
379.84
417.71
468.29
497.87
495.88
494.36
492.83
502.77
506.02
509.28
510.08
513.49
512.58
534.48
553.0
542.62
520.9
511.28
509.74
491.24
519.4
528.66
519.94
494.43
478.28
474.81
482.25
489.7
492.84
495.6
491.6
498.62
505.64
529.52
543.0
543.81
545.73
546.22
546.72
543.0
544.3
545.61
534.03
529.67
525.3
505.47
493.03
480.59
485.09
509.87
518.93
527.98
533.76
540.87
547.98
571.61
574.25
576.89
596.79
616.68
622.31
627.93
627.57
631.23
634.9
619.76
605.96
592.16
569.77
524.18
784.03
820.89
517.69
531.67
590.01
620.46
634.55
619.48
610.98
623.36
635.35
645.43
671.3
696.38
693.7
669.85
667.19
665.24
668.04
672.19
645.93
565.55
532.63
527.14
458.44
459.59
481.14
506.93
522.19
535.04
582.8
610.31
603.19
616.55
630.15
633.21
624.89
616.56
596.43
590.5
584.57
567.11
579.29
591.47
577.28
529.96
527.21
524.78
500.77
489.64
470.55
464.57
458.59
454.29
447.38
446.37
445.36
476.15
527.46
609.29
694.46
781.16
819.82
832.49
839.4
855.61
841.65
814.72
782.89
751.06
724.18
710.18
686.9
663.61
660.59
630.1
637.46
644.82
645.36
642.69
640.02
628.18
625.92
623.66
623.89
624.12
620.44
616.75
602.81
601.52
587.35
573.18
559.32
525.14
525.97
523.48
501.73
483.13
477.73
472.32
457.44
457.92
465.27
472.63
473.25
471.28
469.31
472.6
477.2
481.8
478.93
476.07
476.76
475.18
460.92
446.67
443.06
417.03
406.96
396.89
353.09
350.09
354.95
392.14
402.16
397.28
408.5
420.42
430.79
441.17
437.38
421.3
423.08
424.86
433.44
442.02
444.06
446.82
449.58
490.81
516.44
535.13
550.52
579.31
583.23
587.15
612.33
626.74
641.15
640.35
642.97
645.59
667.02
670.75
674.48
716.44
804.68
869.43
870.97
855.23
841.28
828.47
815.66
794.63
810.21
795.77
800.48
780.6
726.36
726.01
725.67
800.19
803.72
788.33
785.03
816.35
820.08
797.58
789.52
793.25
801.15
809.05
795.87
801.75
807.63
833.57
816.24
798.9
811.46
810.15
808.85
786.25
772.49
758.72
765.15
769.72
774.28
777.91
783.27
788.63
798.84
794.18
789.53
802.54
833.84
865.14
872.54
879.93
879.46
875.64
895.22
882.11
854.75
802.44
743.88
716.92
689.95
635.28
656.82
727.22
749.63
757.38
786.45
774.55
769.35
762.96
741.77
697.55
655.87
626.21
585.79
545.37
526.8
485.44
461.2
451.81
451.04
450.26
435.22
406.51
364.34
365.36
354.42
358.0
367.49
376.98
393.46
417.38
443.55
439.44
436.57
433.7
439.31
444.92
432.55
441.35
451.35
446.37
448.16
449.95
466.67
487.96
484.56
498.03
515.54
511.57
517.06
545.3
606.72
620.15
639.97
654.62
676.1
706.59
757.38
761.53
767.5
773.47
799.82
815.88
828.56
858.19
828.18
817.36
794.92
735.67
665.81
606.13
564.96
571.82
612.8
652.06
709.39
712.85
770.44
791.66
791.27
827.77
839.21
850.65
845.38
840.12
819.0
811.4
803.91
796.42
785.96
779.65
753.97
696.94
633.43
575.36
570.02
548.32
557.63
595.01
633.78
710.35
717.95
725.55
750.71
770.17
789.63
806.46
819.55
832.65
839.12
833.39
827.66
837.67
823.7
809.74
786.75
786.13
785.51
746.79
725.69
704.58
692.96
674.36
673.86
673.35
649.22
642.61
636.01
655.24
647.5
639.75
620.75
601.75
587.36
572.97
540.18
536.14
537.79
539.43
536.71
526.65
518.34
510.03
501.14
492.25
511.62
516.38
521.14
535.75
539.2
531.82
542.44
531.25
526.05
520.85
516.43
519.49
529.61
531.7
533.79
534.0
537.3
528.51
513.65
498.79
490.03
489.46
482.22
474.97
502.53
525.51
532.68
545.67
549.11
566.31
580.88
578.29
575.71
580.81
585.13
589.46
593.04
588.49
583.94
584.07
585.13
586.19
579.02
554.24
531.14
523.29
514.99
506.68
516.86
527.03
541.48
552.58
563.22
567.95
572.68
611.12
642.67
714.14
810.5
843.12
875.74
880.43
881.05
891.94
890.06
888.19
885.92
886.34
885.2
869.41
853.61
856.16
871.04
885.91
910.47
915.07
944.9
954.06
963.22
973.01
975.87
978.74
992.81
1006.88
1012.38
1011.54
1010.7
1007.13
998.97
990.8
971.57
961.93
949.32
926.13
911.3
916.36
921.43
941.02
946.52
952.03
969.71
976.95
984.19
1002.5
1003.54
1004.59
992.63
980.66
971.31
961.96
913.73
908.72
903.72
906.52
897.11
887.69
855.63
846.2
836.77
835.4
841.4
847.39
858.48
857.19
855.89
859.46
860.66
861.87
871.6
877.72
883.98
890.25
892.71
895.17
898.51
905.04
911.57
916.14
912.85
909.55
896.48
892.7
888.92
861.11
856.56
852.01
848.17
833.31
818.46
807.64
813.18
818.73
836.31
841.51
841.49
841.47
841.65
841.83
832.39
831.8
838.16
844.52
841.75
831.29
813.92
799.99
800.6
801.2
795.67
803.63
811.59
815.52
820.84
825.69
830.54
843.14
852.65
862.17
889.76
917.35
908.25
888.49
877.88
873.09
860.53
848.63
836.73
803.74
790.41
778.23
774.7
762.21
749.72
772.26
790.32
808.38
839.16
869.94
890.17
878.04
865.91
863.43
869.93
876.44
866.18
855.91
852.85
852.22
865.95
879.68
872.12
842.34
816.57
783.47
752.39
718.39
726.23
761.5
812.19
829.53
872.05
881.67
891.28
945.1
964.47
948.93
976.96
1004.99
1043.05
1081.11
1099.68
1099.42
1057.69
982.07
932.01
898.54
871.13
846.23
822.45
779.76
810.1
863.4
922.18
926.62
924.19
926.79
913.35
910.37
907.39
898.42
875.07
863.25
851.43
822.51
819.71
816.9
802.14
787.38
774.92
764.81
754.7
745.81
745.52
745.23
744.97
744.39
743.8
747.24
751.31
755.38
753.28
756.7
760.11
762.97
763.23
763.49
765.9
768.3
776.03
781.21
786.38
782.43
781.29
780.15
770.49
762.7
754.9
736.22
740.25
744.28
763.69
764.88
766.08
768.22
792.29
826.26
817.71
794.29
772.82
751.35
736.44
721.53
734.09
739.68
745.28
733.66
713.62
696.69
689.44
687.11
718.12
727.6
726.33
725.05
713.65
683.84
654.03
634.69
620.39
606.1
603.44
600.77
604.6
608.42
609.18
609.94
617.5
618.14
612.93
607.71
587.97
577.83
567.69
552.63
547.86
543.09
534.45
528.79
523.14
510.37
499.53
494.73
469.77
444.82
397.06
373.72
336.03
299.59
294.58
335.3
397.17
400.78
430.43
445.13
471.45
482.94
485.76
476.41
479.32
478.98
478.63
495.36
510.87
526.39
541.75
570.66
565.96
561.26
552.01
537.82
538.97
540.12
530.78
526.82
531.43
544.76
567.09
557.93
530.51
489.87
474.49
459.1
425.97
415.56
405.16
391.27
387.27
383.27
382.52
381.77
381.6
378.63
375.65
373.29
375.59
377.89
380.48
383.06
391.05
392.24
408.47
424.7
434.23
435.92
437.6
420.23
407.3
394.36
381.41
389.57
397.72
423.83
464.28
469.92
472.4
475.0
477.61
474.16
467.46
521.19
553.57
585.94
603.15
593.73
588.94
594.62
600.29
583.67
575.2
565.92
526.5
511.5
496.49
514.5
533.92
543.94
600.88
604.42
595.02
595.45
607.13
623.82
645.64
642.49
639.33
655.68
659.88
664.09
646.98
623.49
600.01
534.5
489.22
426.37
326.46
317.56
352.81
392.87
396.54
393.64
403.46
416.14
428.83
461.36
472.71
457.26
517.64
580.05
568.48
603.08
673.66
718.31
730.63
735.95
722.14
686.52
679.55
672.59
681.72
667.68
653.63
639.5
635.21
630.92
620.98
616.45
611.92
598.43
588.34
578.25
566.0
540.0
535.33
530.67
516.64
533.34
555.26
567.95
575.43
590.45
605.47
590.59
581.91
594.11
618.99
625.18
631.38
642.47
641.0
655.83
665.86
675.89
670.64
670.4
679.37
688.35
688.45
688.56
692.36
692.29
699.55
706.81
715.26
712.19
698.8
667.65
667.95
668.25
664.38
685.76
731.41
756.46
820.07
826.62
842.12
857.61
863.38
856.75
849.55
848.85
850.91
852.97
856.64
856.85
864.61
877.06
863.47
845.41
835.17
816.59
778.39
740.05
736.45
732.85
746.37
763.42
776.44
783.76
791.07
789.22
789.82
790.41
788.29
786.17
791.96
797.75
812.17
813.87
811.28
808.69
828.11
818.96
789.7
758.71
744.13
729.56
711.32
708.35
705.37
703.23
707.35
711.4
715.46
722.86
718.38
713.91
718.56
723.22
731.35
739.48
741.58
741.4
727.39
713.39
706.03
700.77
683.35
642.75
622.38
638.19
669.96
686.11
702.27
702.62
751.62
770.98
778.41
785.85
779.18
776.29
778.25
780.21
782.0
788.44
794.87
812.56
822.72
832.88
824.42
817.26
810.11
797.73
786.12
774.5
748.19
741.77
735.34
729.83
737.94
746.04
768.75
774.65
780.55
783.0
767.82
752.64
737.51
722.38
723.25
716.02
708.79
708.4
695.42
682.43
657.83
641.68
625.53
626.94
612.78
598.62
581.18
581.18
581.17
600.55
589.37
572.91
545.47
544.11
517.96
464.0
466.2
458.76
483.39
503.25
526.66
561.45
558.83
532.82
521.25
487.37
486.78
473.85
465.56
478.93
504.49
509.89
529.35
529.18
502.94
476.7
402.98
379.13
395.74
400.39
400.17
399.94
406.01
409.49
405.74
417.33
428.92
459.16
535.55
583.06
581.49
531.32
491.63
463.05
395.12
381.85
361.17
356.38
361.62
380.06
384.5
358.79
360.05
423.51
451.65
473.88
483.15
481.12
468.39
461.65
471.05
480.45
462.57
495.08
531.03
820.89
857.37
551.42
577.92
604.42
602.51
599.98
598.46
596.94
615.92
630.38
649.4
668.41
678.04
694.82
711.6
700.35
731.59
762.84
755.58
717.63
638.4
583.04
527.67
507.55
525.55
585.2
618.09
622.18
597.74
586.21
574.68
578.37
577.51
576.65
575.68
574.72
582.91
591.11
602.62
602.45
589.7
576.95
562.58
531.36
478.11
424.86
402.69
395.25
415.4
465.57
533.66
551.54
557.84
587.19
625.91
646.57
638.55
616.94
616.16
615.37
613.48
608.29
603.09
615.05
633.4
633.83
620.78
584.98
534.18
784.16
784.03
498.84
521.35
545.24
569.13
600.57
613.19
613.35
613.51
645.65
696.9
