17.09843878
16.54969073
15.92294855
15.50935284
15.0050462
14.5806673
15.58349944
14.52019699
11.59204801
9.563614563
9.023649231
8.889243469
9.763507079
8.898010075
7.788401602
8.099971774
8.181844442
8.315195727
9.221739848
9.309765625
9.277910911
9.968134129
9.925922247
9.132233727
8.385304504
8.215140442
8.079774719
7.991435852
7.931429504
7.84173468
8.735380625
7.301785244
8.050077639
6.829393536
6.705779622
5.83446234
6.481539774
6.231835973
5.824583672
5.744110645
6.569559835
6.266629792
6.162986604
6.057096985
6.180783203
6.828164615
6.408324646
6.405555054
6.364178223
6.377152954
6.357781372
6.314995667
6.27556897
6.212789001
5.163159027
4.744067108
4.792980574
4.765001012
4.420748169
4.818101949
5.190549612
5.79154445
4.71718732
4.915494348
4.889475379
5.298847544
5.358321035
5.681591944
5.374659973
6.119967052
6.111750471
5.863602707
5.803584351
5.828208862
5.871542419
5.915809204
5.867325195
5.80256897
4.853873138
5.384211252
4.321831139
4.581231588
4.534688915
4.780327875
4.582671225
4.435997564
4.17229541
4.251622925
4.497850455
5.264668665
6.907274027
5.781827676
6.634321339
5.557015137
5.848437562
5.635260315
5.601961487
5.487139343
5.504463196
5.554569519
5.69321289
5.791803589
7.572219092
6.843371589
5.196429546
3.663453121
3.919131031
4.282767466
4.246069851
4.158154785
4.37396865
4.623720438
5.299762725
5.584777886
6.983538853
7.44816673
8.221660577
7.366354818
7.310672183
7.570146985
7.465808854
7.210829712
7.328048584
7.361184143
7.392477112
7.492503418
8.176705034
9.261463592
6.637691016
5.763115648
4.194046336
5.331523244
4.791219094
5.32750161
5.146126808
5.195375775
5.259953048
5.587679984
6.270139407
6.926637959
7.704690379
6.700352633
6.782777108
6.635590414
6.47198938
6.379577209
6.419738647
6.356996887
6.299825684
6.291393005
7.476395061
7.978579413
5.102771924
5.100487688
5.53205741
5.276844105
4.674230599
4.73037814
5.234068656
4.559978455
5.752615059
4.851655443
6.260071161
6.40738081
7.939139981
6.843650583
7.212277071
7.980704613
7.028425903
7.20916156
7.271059448
7.371763794
7.476636902
8.695089876
8.505430403
8.05377882
6.601204208
4.835145593
4.03899795
5.075141875
4.8140559
5.458086135
5.282270597
5.053468359
5.383369809
5.681980447
5.837942451
7.516819862
6.24822263
6.586688458
5.933922241
6.051996155
6.085208984
6.058545227
6.108206909
6.182784729
6.212203979
6.200855225
5.753757465
5.111755174
5.380137231
5.243515328
4.42808429
4.755839473
5.408085936
6.159988589
5.090183636
5.518152893
5.883390617
5.813117581
6.311181812
6.78134887
6.463335284
6.306553708
6.532363676
6.416585632
6.471237549
6.509330933
6.628813904
6.792993469
6.947590393
9.010841555
7.900612815
6.410056152
6.942454077
5.748967428
5.929367625
5.820408531
6.40599885
6.297215508
5.553150986
5.411007146
5.158969307
5.904950231
6.398300175
6.483319323
8.05457492
6.905899715
8.005789597
6.76173727
6.723083618
6.745340332
6.778996158
7.147351838
6.901590454
6.960367615
6.816782309
6.868035177
5.395536133
5.181092562
4.064038382
4.118322876
4.464568604
5.063682248
5.428814217
5.603766203
5.662450288
5.509770721
6.49397618
7.270888804
6.83284623
6.745067181
6.971507717
6.736532959
6.74553302
6.692055603
6.668386841
6.65530426
6.652928711
6.658360352
6.433316211
7.26662335
6.478224043
4.554523097
4.457751686
4.050536032
4.65123367
5.461468192
4.914279042
5.383755734
5.994996821
5.883784349
6.789734678
6.855025328
7.04451829
7.415307857
6.796982425
6.994746264
7.00678009
7.107592163
7.220104736
7.321938599
7.448266113
7.504684387
10.20110224
10.13148563
6.913182201
5.223761882
4.545190918
4.773344788
5.225841309
5.530773804
6.566251792
6.258059017
6.400128337
6.266619088
7.209818967
7.79929259
8.034290862
8.002880397
8.169632077
8.020650635
8.011008301
7.872889404
7.877319763
7.870165161
7.83141449
8.420692494
9.38073476
9.117235393
7.49222152
6.920619304
6.799804862
6.289287048
6.495984755
6.846282989
6.766826546
7.025174526
6.653958203
6.876482312
7.561617478
8.727493555
8.352668294
7.259366516
7.4383089
7.408996826
7.424599121
7.438794617
7.456003601
7.495032166
7.52673822
8.49634147
9.113118663
9.451232563
8.564749454
6.312731939
6.627327909
6.464355064
6.44736273
7.781794591
6.100573608
6.089908569
6.030703491
7.496909871
7.279268243
7.572310561
8.172100307
7.3812359
7.677248945
7.427323364
7.460929321
7.589454407
7.606238892
7.5910625
7.507786377
7.413249207
6.853944454
7.53295499
6.867247953
7.049821849
6.998578349
6.496012489
6.454725302
6.498556739
6.061020443
5.617208477
6.768068205
5.490126642
6.752344591
7.215413482
6.40894316
6.238683271
6.507071919
6.681721511
6.033026672
6.044586548
6.016764954
5.964781799
6.209800565
6.31252967
7.524637314
6.045434958
4.827787249
5.16166208
4.413298096
4.768601208
4.742597894
5.173488642
4.758418306
4.553699819
4.738685583
4.880233956
5.634608125
5.820852358
6.430699169
6.689172866
7.161271735
6.145212955
6.106142548
5.977623657
6.046827026
6.364135973
6.070866089
6.245857056
5.209815765
5.717464956
6.498946398
6.022574214
5.594835401
4.659197529
4.971465844
5.264036251
4.691308227
4.668395203
4.781878296
5.263695557
6.493483076
7.343897667
7.144128528
8.668984161
8.431181649
7.569022095
7.70833606
7.806668396
7.926565918
8.013816284
8.063351746
9.121421216
11.47092995
9.331776236
7.438379017
5.214949869
4.402402209
5.936532658
5.367479919
5.364812622
5.50933131
6.273891483
6.060157055
6.81027586
7.339702831
9.025524438
7.953934116
8.24036674
7.786666992
7.906609131
8.032738647
8.067868103
8.090625916
7.913235474
7.837916504
8.462473601
8.288159999
9.720948929
7.025949934
5.517905945
5.594692634
5.609608258
6.874145427
5.989556995
6.024899773
5.220013916
5.700191014
5.907082682
5.917688721
7.264743605
6.770202008
6.696896355
6.746299208
7.05649653
6.505216736
6.4846828
6.5411698
6.590857483
6.638767639
8.64565532
10.99052857
6.720382214
6.900308806
4.691404293
4.114925194
5.614358788
6.24408868
5.791159326
5.478416944
6.48436671
5.987936682
6.538764047
7.160637688
7.712132979
7.572053627
7.678057618
7.942817968
7.935869552
7.471698975
7.42695575
7.387760437
7.297292358
7.297321228
7.25979187
12.60637933
10.80058222
6.846199771
6.513807248
7.008115432
7.154536268
6.509305993
6.226563617
5.882423462
6.931645038
7.288808402
6.517735603
7.296454598
7.920805242
7.602960925
7.446918674
7.749707625
7.384720093
7.510285522
7.757827087
7.8571651
7.888860535
7.977843201
9.428412485
7.290168213
7.252900591
8.26075626
6.662303314
5.627931635
6.411198507
6.288601247
6.24949176
6.8640827
7.064728868
6.607917542
6.801764099
8.480010919
8.525458651
8.418472947
9.229525631
8.08920575
8.3169521
8.266131409
8.256211792
8.306760986
8.31725334
8.414439784
8.341159485
7.496531677
8.087374681
8.105030177
6.933564896
5.459217208
6.450380986
6.909885941
7.048943017
6.758949642
6.776043689
7.772957479
7.502894616
8.509997053
9.305338021
9.16415573
8.972713456
8.860852097
8.661487488
8.878771301
8.916583313
9.014032043
9.062156555
9.119596985
11.29491891
15.22357019
9.634800697
8.361234645
6.373263992
6.86004283
7.818182721
7.437257197
7.492103659
8.091234994
7.445803171
7.732896546
7.423713571
7.519372131
7.554004348
7.664970028
8.150891865
8.01445281
8.097605655
7.491321594
7.375177368
7.286183167
7.259898071
7.250426514
7.259091309
7.643261752
8.514006743
7.058888591
6.109452938
6.573633447
6.31024012
5.970708711
5.846709134
5.733953552
6.087662331
6.303935688
6.067627885
6.695169242
7.664764039
8.647175544
7.88924954
7.158438476
7.277851043
7.097512634
7.093968018
7.072622009
7.069932573
7.039470337
11.25547839
6.162848022
7.041671281
7.687812066
5.655977402
5.312566467
5.185111938
5.455383957
5.472403471
5.375192505
6.164979277
6.096740467
5.963152136
6.92554997
7.317959788
7.630529279
6.990601501
7.591961189
7.362577637
7.481064331
7.585512451
7.713799194
7.776467102
7.778723206
7.768453552
6.819383911
7.674857285
6.501857799
5.513651237
5.303914105
4.942079495
4.874833008
5.29049707
5.38612616
5.549185242
6.031347973
5.961003944
7.508113496
7.56191553
8.406089095
7.810340178
7.630134156
7.862177856
7.598001892
7.720735413
7.773322693
7.856838806
7.986850464
8.064372742
11.08621667
8.391982902
6.241852575
5.332147078
4.041788147
4.230703186
4.76651001
5.694597655
6.02032747
6.459267299
6.146054789
5.862608649
7.536738083
8.308195849
7.408861769
7.846968597
8.169784888
7.615988892
7.725017761
7.828042236
7.885614441
7.986366028
8.078758179
8.0153078
10.25929138
8.260336095
7.148712788
7.229608353
7.152398591
6.796575444
7.32703063
6.787780289
6.1517678
6.843625602
6.528692181
7.278207801
6.992913032
7.813335177
8.53106381
8.162849077
8.891717359
8.208783902
8.06914093
8.213439026
8.295913025
8.341268677
8.404337646
8.451053955
9.697567458
8.206159125
8.507124094
7.449727842
7.21882855
7.308346603
8.553456069
7.546392883
7.908710851
7.436397646
7.575504539
7.074851196
7.901589051
8.087431854
9.173643151
9.264788383
8.26705187
8.240803284
8.243896973
8.215991394
8.210547729
8.250829712
8.586911829
8.329778809
7.861168782
8.014430493
7.756756802
7.410669947
8.102954582
7.376656367
7.182512963
7.234769478
6.982838318
7.847487957
7.370757348
7.330410116
7.918782636
8.280531839
8.341474005
8.965108259
8.03585791
8.406407781
8.388691958
7.959046204
7.879958191
7.795861877
7.707735168
7.610460266
6.929856009
7.002702641
6.902236643
6.902135956
6.20324287
5.985483049
6.444950882
6.995615504
5.994562963
6.234729042
5.777008651
6.542221392
7.827886368
7.243261242
7.339785444
6.907214457
6.895605405
7.333545855
7.19902801
6.862914795
6.77775885
6.702045715
6.656950073
8.827576505
9.701478537
7.600720542
6.324737729
6.168712846
5.602911609
4.795535217
4.759709778
4.737114899
4.70759082
4.716595947
4.983981122
4.88561272
5.708737161
6.357783756
6.750852708
7.162999634
7.282661047
7.119114727
6.903577393
6.972044006
7.091647705
7.171828857
7.091971497
6.993144836
6.143355622
8.18582545
7.568234288
6.063672322
5.334237819
5.025968994
4.915123688
4.846896118
4.709511353
4.73430835
4.68160437
5.436252892
5.840611244
6.324941587
7.738459925
7.059830403
6.495615848
5.969202637
5.817453857
5.686873779
5.597209167
5.540830383
5.545641602
5.645200684
5.92581369
7.409217903
4.566629705
4.168929523
4.321969881
4.042585977
5.911260566
4.434808972
4.614230391
4.5494221
4.668351114
4.688247537
5.16286141
4.987823181
5.841368035
5.45709079
5.783595521
5.870843402
5.368362732
5.301922455
5.230868469
5.289088684
5.308230286
5.427347015
4.681220849
5.085267367
3.856863282
4.948565746
3.702334579
4.154707943
3.70318138
3.895704156
3.679345088
3.328471619
4.182994406
4.505907157
4.876568671
4.350537872
5.227025835
5.08747171
4.851741929
4.671256714
4.899909912
5.010177612
5.187755371
5.889642944
6.300310791
6.266285522
5.680397876
6.509930688
4.167946626
4.186668892
4.685894015
5.841110033
7.350672098
5.256925953
5.268412206
4.955875399
5.975682832
5.837591382
6.614519238
7.033950153
7.496424293
7.544983858
8.042474664
7.354628327
7.497527466
7.572866455
7.24162207
7.011867065
7.202542822
8.106212509
7.896963713
5.999639482
5.836637198
5.124034093
4.304498352
4.652707458
5.069776672
5.17784729
6.191554059
5.629785333
5.71001708
6.290526737
7.526639887
7.645677365
7.026392727
8.504053603
7.830931586
7.83447768
7.487772644
7.50406958
7.630815857
7.614029175
7.561569885
7.525881287
7.21844464
7.031372896
6.020329056
5.105860431
4.978329513
3.980467407
4.609876221
5.176677794
5.463433913
5.921631214
6.246931366
6.406863245
6.622547546
6.881842773
7.007880554
7.396366394
7.734982593
7.771334974
7.71352478
7.775045166
7.837243164
7.84735083
7.818511536
7.756409668
7.806173344
8.782261319
6.356616101
6.011508389
6.171726273
6.343946127
6.517654524
6.247645112
6.770253992
6.75190437
6.158921832
6.586240824
6.953465781
7.33411336
7.210457828
6.848861389
8.009763537
6.88332312
6.863175354
6.811428833
6.783045532
6.756745436
7.266847253
8.368446014
9.026033302
9.566949642
4.9330925
4.29048341
3.789758301
4.246171399
4.949622491
4.761234733
4.837414669
5.012920145
5.275489191
5.466534322
5.915159643
6.035009644
7.533904389
7.638067359
7.009151048
7.962696578
7.341283738
7.283678711
7.402467957
7.599768311
7.637384827
7.580672424
7.093307341
7.514349997
5.080643033
5.016438477
5.716253554
5.259033165
6.181778041
5.516658646
5.609423987
5.963915642
5.326317322
5.403082886
6.297704163
7.301043134
6.426579972
6.477194996
6.734396387
7.254088576
6.809278312
6.387899048
6.378220459
6.330375916
6.306973694
6.263261353
5.49458721
6.800479686
5.611413485
5.073885678
5.560468759
5.712254088
5.433252585
4.998944379
4.971095945
4.814140088
5.960463596
4.332970551
5.452924875
5.304629442
6.321668462
5.898269843
6.638106338
6.240650632
6.487231017
5.933078674
5.918226685
5.932921509
5.948499023
5.952104858
5.017565247
6.777152721
5.635011
4.777078833
4.776221652
5.506329253
4.36271613
4.984511047
5.070258236
4.617559917
4.790461912
5.182427779
5.649909643
6.186228056
6.598547228
5.893897773
5.636504884
6.26505958
5.873294067
6.017560608
6.185073242
6.371454834
6.555612671
6.751850281
6.718677702
6.610605485
6.330566311
4.995869919
5.078431655
6.841557959
5.695261008
5.638341979
5.609123051
5.607284249
5.407758265
5.436771534
6.931509127
6.456897579
6.666933365
6.664095193
6.658584394
6.866795213
6.645463867
6.708461426
6.822057983
6.884120789
7.521624179
7.015278564
7.021636897
7.387695665
7.071736423
5.463043235
5.036681885
5.297300048
5.078038574
5.090222168
4.902518433
4.945048417
5.656001659
5.656248513
6.378062389
5.807647949
6.684163007
6.72151125
6.355085566
6.114154175
6.136649597
6.13464917
6.152587952
6.161198608
6.157786682
7.174287915
6.060446153
8.179608679
5.399308975
5.302516361
4.894109068
5.477191943
4.682322023
4.753564699
4.194347778
5.108995501
5.646336976
4.73943108
5.427214823
7.259726542
6.442096455
6.345619417
6.328986998
6.098024881
5.940640198
6.03073938
6.254281555
6.511272522
6.674724324
8.177558816
11.64895468
6.944801207
7.290463222
5.251289764
4.829100431
4.866640352
5.020558314
4.352559143
4.093751953
4.206330666
5.20464624
4.759004333
6.10506661
6.126064525
5.985885511
7.244833555
7.573461671
7.420263733
6.865438416
6.942954712
6.92540448
6.9217005
6.911994202
6.894952637
9.37855328
7.270955803
7.039235411
4.893278992
4.673473694
4.052918396
4.313475159
5.103403077
4.45870358
4.415745544
5.006374032
5.67539925
6.248358336
6.605834184
8.028633432
7.951544577
7.629654466
7.655937294
7.4810849
7.555225464
7.718059692
7.803213806
7.815771973
7.881622986
8.930135859
8.027492521
5.464808347
3.732372119
3.11708342
3.44715148
4.455413473
4.626418569
4.338767255
4.481106025
4.592192986
5.062793635
6.023438752
6.60553013
7.349244127
7.18085851
7.079874786
7.049683397
7.130180603
7.283909668
7.426846863
7.515516907
7.613313416
7.737758057
6.961981628
6.809037021
5.143825044
3.561091255
3.007337283
4.208516328
3.850496735
4.223619324
4.089027069
4.404684872
4.93543627
4.678739868
6.998467584
7.168057983
6.379076602
6.127665283
6.665637933
6.40966449
6.565871399
6.702982666
6.706242065
6.690589722
6.755228882
6.804340149
7.079418545
8.726422272
4.942025699
4.879022447
3.76101405
3.644774387
3.91321756
4.357281985
4.047270139
4.003567871
4.498150469
5.134421186
6.929980974
6.501568336
7.090104053
6.11035913
7.02145477
7.431955508
6.867079224
7.005098694
7.168338379
7.267774841
7.257014404
7.097221069
6.552538423
6.214011992
5.256072491
5.435651976
5.05607673
4.982230896
5.039262207
5.01067981
4.983532654
5.841122877
5.852159289
5.714510561
6.324623687
6.199480481
6.637084843
7.464679811
7.210153781
7.443666604
6.745339966
6.806668213
6.818002136
6.920173462
7.037598877
7.293372314
8.231097553
8.658546892
4.619019467
2.889502733
3.163236453
2.941487183
3.947828054
4.064852081
3.998410128
4.592866608
4.735102747
4.836907533
6.859671022
7.040130414
6.688268899
6.394409104
6.556531428
6.666681186
6.272217102
6.336986267
6.399025452
6.462422241
6.586527283
6.705221802
6.101240177
6.735716681
7.197720487
7.230201481
5.570948608
5.171133546
5.593078846
4.89747522
4.723489046
4.835795924
5.932216679
5.958524182
6.301177944
7.216592527
7.632415192
7.496699071
7.744196166
7.128313291
7.380815369
7.507079956
7.6023255
7.654578857
7.754723755
7.876191223
7.050251892
7.564487855
4.979583104
3.6073049
3.342848054
4.580703367
4.747464779
5.005886727
5.305974484
5.274279411
4.747578857
5.559290299
7.072775627
8.146802863
8.988226461
8.357370642
7.35914554
7.359821106
7.169735535
7.148895691
7.121488647
7.123657166
7.114973511
7.085824463
6.145502014
6.00685978
4.837879311
3.409488617
4.996785583
6.511859477
5.825340309
5.843933828
4.996279301
4.749873719
4.661545909
4.861500092
5.723121871
6.293606139
6.637264297
6.831265863
6.388555431
6.471234009
6.697784485
6.711787415
6.746539185
6.703881775
6.62837207
7.667665801
5.501738434
5.216114148
6.493365345
6.097129745
5.721849375
5.457575122
5.428808904
4.922988903
4.80308846
5.828223001
4.654334831
5.412347807
5.384196494
5.497962131
5.281447998
6.23748293
5.742593773
5.61988318
5.578512878
5.631595459
5.882124451
6.060157654
5.906878052
5.843495422
5.447570322
5.143709663
5.269702973
4.574147972
4.531143578
4.232628386
4.964763486
5.004640082
3.951192164
3.94383713
4.023205649
4.235770045
4.886791131
5.768576966
6.377614445
5.338806853
5.950047231
6.027121889
5.803475891
6.173870361
6.515723999
6.902364563
7.253315613
7.393824158
8.224218479
8.356190218
5.68453141
4.396456974
4.473179766
4.876589088
5.736678803
5.151070349
4.602799863
4.584854908
4.649901631
5.188869165
6.663214153
6.710267589
7.989769343
7.236115339
7.273069975
7.558570862
7.521336914
7.753751038
7.937483154
7.924904846
7.921351624
7.886026367
10.24093981
8.669437804
6.611794047
5.280783386
5.311812271
5.269989624
5.347409556
4.771335022
5.259894489
4.733015544
5.231219997
5.177932088
6.264067608
6.601839488
7.245780507
6.999764766
7.196382959
7.619949277
7.293870483
7.485353027
7.659789734
7.9898036
8.061800293
8.205739258
7.36940092
7.210500589
6.554245343
4.64882474
4.142695154
3.96069989
5.047128123
5.097821998
4.895208446
5.219873481
5.130147965
5.487710924
5.996045898
6.891079656
7.040542865
7.002722173
7.073887329
7.444216698
7.837661464
7.68422345
7.820259888
7.956139465
8.228704219
8.830280354
10.4144343
7.250918539
6.337068742
3.81416033
2.982790467
3.034930847
3.606044274
3.827093689
3.702117874
4.248391327
3.834607297
5.454727768
5.713719469
5.603573569
6.927596044
6.35161805
6.886443233
6.237475464
6.228852051
6.313403381
6.371491699
6.532310608
6.635048706
6.708768127
5.591888214
5.103324274
5.34320765
4.016730183
3.464274262
2.606697937
3.992275388
4.654812074
3.525021465
3.134005188
3.622592527
4.728806039
5.252320531
6.070911857
6.506211968
6.645969889
6.692794808
6.143653503
6.457941528
6.666507751
6.832890564
7.162561096
7.380962219
7.568552124
6.930924538
4.889489716
5.165755904
3.103302442
4.235983206
3.856644155
4.167432116
3.978814433
3.955925085
4.096003517
3.865799866
4.474181763
5.402249146
5.759891052
6.905169278
7.07807537
7.238885405
7.711393956
7.279496155
7.420915833
7.584088989
7.74367511
7.816843933
7.936829712
7.583144979
6.411155975
4.552414787
3.970786275
2.804937781
2.853566219
3.744320154
3.669254531
4.015818946
4.609482879
4.379150313
4.796615378
5.151429104
6.220777267
6.80773585
6.291332658
6.070948181
6.53008792
6.443145935
6.603877747
6.799906738
6.985293884
7.048137573
8.733298605
8.871052638
7.95240583
5.893872182
5.2209509
5.054933707
5.162809846
5.74387039
4.567027984
4.077300787
4.554019967
4.736176942
5.641429456
5.712638762
6.259417282
6.380739241
6.771065412
6.896417915
7.31599398
7.172315918
7.324139648
7.474022461
7.696151245
7.677183716
7.731310364
8.455143047
7.116308888
5.075660684
1.917583295
1.590255676
2.660015425
3.751404742
4.254087924
3.332174432
3.275291649
3.696993154
4.07968161
6.742116943
6.227130355
6.719229554
7.473408126
6.617295167
6.804593628
6.998603699
7.112804443
7.228087585
7.384965698
7.616531433
7.739609863
8.764085918
8.740044852
3.954075607
2.597435059
2.346429046
2.944972859
3.575018309
4.244856118
4.304581843
3.713690938
5.065514305
5.558151936
6.567837573
6.075357361
7.506804817
6.86167507
7.600510953
7.612676489
7.434808411
7.581016296
7.773532471
7.92833783
8.014145569
8.021751709
7.046937988
8.383582508
5.783352173
5.653165527
5.577226602
4.065717896
4.725690341
4.30619458
3.99688385
3.921342773
4.123966766
4.830177338
5.725463684
7.250686339
6.911797534
6.856641104
6.54414854
6.526090759
6.667565491
6.79283075
7.079630432
7.09490863
6.997888916
6.873654724
7.343463176
7.040542935
5.66609422
5.650591682
4.90464801
5.645677224
6.076239118
5.462932413
6.055804431
5.361653431
6.43787078
5.786019114
6.936514299
7.774904118
7.082954503
8.139644205
7.216426118
7.587310625
7.193767761
7.333355896
7.393505554
7.959407255
7.684494507
9.135001672
7.616425317
7.089269529
5.627404339
6.482596906
5.838006382
6.20199218
5.288810365
5.48703924
4.769179412
4.305962463
4.759332901
5.568844286
5.956124074
6.563806584
6.072088501
6.387353775
6.524507152
6.556213745
6.708490356
6.871256775
7.009890808
7.064590088
7.069699707
7.025514771
7.687821718
7.711181172
5.469340749
4.827159661
4.512503052
4.605545654
4.969260692
4.57655505
5.088307036
5.030847828
5.877102928
5.167251917
6.11216777
6.781583876
8.029882114
5.977432672
6.152175117
6.27416023
6.039042175
6.061810669
6.081786255
6.102132813
6.143538513
6.935559975
9.695996708
8.470656611
6.302945395
4.621115479
5.168441195
4.932857588
5.149161719
5.581017946
5.587714197
5.054297729
5.118129207
4.973876946
6.314313462
7.155398222
6.358038907
6.566516384
6.069924866
6.165798523
6.198927795
6.205532715
6.234061035
6.269594238
6.263260925
7.821796163
8.19025624
9.102507499
5.810268191
4.432091129
2.997106245
2.686393547
3.420432186
3.302650913
3.720755645
2.935489108
3.180597666
4.043511821
4.64252101
5.301627757
5.392967755
5.650352411
5.507973815
6.306421319
6.180744934
6.462083374
6.626396545
6.742609802
6.792667236
8.987043
9.148957794
6.096853827
4.331785395
1.578785203
2.038841406
1.37442314
1.85304053
1.957978711
1.791499042
2.181596102
1.528501956
3.10262121
3.411350695
4.013354187
4.560575051
5.603280928
5.566606351
5.002084431
4.832377502
4.903611359
5.147635193
5.38723114
5.60597219
10.69266409
7.544924671
4.420548466
2.761303847
1.963275696
2.975830375
3.837709835
4.142845653
3.994208059
3.716458244
3.938648755
4.796774442
4.948896155
5.271229997
5.701915897
6.514810134
6.12496063
7.117582693
5.962466675
6.092473572
6.19494989
6.331025635
6.585279175
6.706999756
6.942426453
5.539381561
5.084307488
5.926674831
4.721720359
4.130027893
5.166688545
5.219525877
5.135750935
4.979857868
5.618077947
4.665843413
5.021964141
5.858094024
5.718203708
6.655728145
6.788291876
7.937621153
7.33794034
7.231952526
6.987617432
7.278919852
7.000011841
6.967803101
8.93087449
9.835583768
5.193638851
5.553765894
3.798134482
3.900609196
4.227055207
4.351777236
4.268772228
3.73278009
3.90566954
4.10474312
3.877705353
4.995961504
5.225756353
5.804897748
6.145976758
6.781107427
6.649023407
6.690028687
6.791232056
6.934189148
6.990338867
7.013294006
6.998396179
5.293203583
4.145453454
5.117629219
4.547177902
4.375174459
4.220292383
4.1582147
3.535287231
3.980875548
3.624917175
4.698196661
4.903571912
5.293464966
5.872006176
7.010388637
7.116261945
6.974617563
6.760900513
6.852472778
6.726043274
6.694612793
6.623236633
6.598906311
6.615295593
6.498699361
6.13992622
4.679082706
4.348858765
4.357268738
4.131447693
4.129045441
4.602099427
4.320722007
4.09477124
4.820949375
5.488154629
5.894218136
6.461960964
6.408999702
6.954937305
6.303859439
6.329356999
6.286048645
6.293261536
6.332931946
6.362654419
6.352423462
6.383145996
5.743628153
6.689196147
7.241376717
4.40571097
4.535406622
4.369696466
4.523623779
4.483362072
4.722003545
4.267191711
5.04286243
4.853579578
5.870302316
5.544772339
5.973310317
6.397439415
6.406391582
7.239117027
6.536686521
6.404695007
6.417117859
6.425746826
6.440868103
8.290070652
10.03981998
8.546818993
5.085729228
4.895317032
4.431113883
4.567772877
4.732791369
4.953577165
4.45556311
4.478616516
4.74290288
5.564555211
5.502008117
7.04951106
6.415196896
7.544891847
6.747585274
6.259763611
6.532003435
6.363305725
6.397035583
6.411837891
6.432164551
6.455794983
9.245368856
8.255819167
6.250162627
5.872879548
5.474380666
4.829477783
4.9559844
5.478027093
5.987142861
6.602387401
5.288219069
5.69389166
6.129106811
5.741272644
6.385462848
6.146446594
6.379347947
6.33479541
6.388767639
6.442171082
6.473042969
6.478995789
6.500049316
7.853439632
6.171754016
5.11210725
4.759666741
3.822701478
2.777671147
2.963829373
3.217174561
3.891531654
3.516328228
3.623776966
4.114866307
4.111932202
5.056607755
6.058035334
8.250346115
6.297572616
6.303522339
6.960191949
6.838820618
7.036432434
7.201828369
7.349485474
7.456414856
7.465980286
6.947493031
3.715109183
3.156434331
3.030940876
2.61273379
3.070141494
3.353283249
2.935304072
3.015430134
2.780397418
2.41995636
3.058409572
4.560290049
5.090134182
5.909496022
5.96028073
6.42005051
6.314630249
6.635153076
6.851767761
6.953805481
7.085507446
7.323407532
7.293694519
7.124873478
3.04182901
2.532190995
1.080246552
1.399352082
1.35832251
1.822277267
1.826857758
1.518770477
1.409337372
1.699219853
2.352487186
3.797357507
4.400065918
4.484913727
5.093205963
5.472305176
5.867202667
6.057019165
6.210268982
6.655160095
6.878053833
7.006528015
7.104131653
4.870373474
2.634692743
1.313717106
1.721996546
0.413152468
0.410524216
0.858555252
1.09277478
0.876695297
1.388439776
1.579322147
2.482277018
3.837600627
4.359051139
6.094996226
5.218461366
6.00189748
5.755069873
6.258223763
6.163226685
6.345291992
6.662187439
6.898374451
8.62410086
11.5494695
8.597145045
5.888126491
5.190275805
3.801335236
3.557199401
3.658304088
3.556884576
3.611906665
2.372771401
2.540410574
3.72139242
5.491260236
4.902170593
5.320460205
6.380897857
6.393979309
6.818851929
7.09414502
7.294754944
7.489067261
7.748695374
7.828709045
7.870222046
6.305330628
4.958408873
2.80660905
0.680374542
0.338314337
0.486901337
1.164188251
0.946967987
0.80084137
1.086045314
1.247998127
1.963642933
3.904998185
3.92148822
5.740118294
5.631996113
6.72365124
6.690540567
6.316541809
6.709280762
7.037631958
7.139091248
7.259712769
8.149095124
9.076882222
5.5498576
2.561321469
0.914979809
0.933630679
0.852201903
0.717029114
1.670239401
0.88274134
1.526269727
1.370891274
2.498995247
3.08957435
3.845901048
5.266281518
5.553660175
5.313883055
5.718187988
6.043446777
6.675950745
6.860764587
6.986690674
7.424134338
7.498187744
5.32128656
3.48545579
2.174894576
1.328724774
1.427570911
2.96184824
2.685648732
2.149616515
2.05831939
1.974817863
2.276334398
3.85693967
4.485421559
5.257880778
6.284311121
7.00776267
7.006704508
7.777163175
7.60773468
7.759663208
8.036678772
8.196112122
8.245937195
8.207823486
5.488155029
4.400544008
2.147775425
1.746796702
1.651192717
1.480166929
2.117513218
1.765412109
1.615896186
1.352960175
1.569979614
2.450718414
3.756313751
4.414391719
5.106136593
6.084221032
6.24880891
6.39173175
6.84293713
6.663968811
6.867397888
7.036834839
7.185783203
8.971080873
7.673498279
4.426351789
4.23369286
3.40706846
2.761993225
2.480342041
3.09841568
3.421348243
3.158270652
2.680352112
3.196370856
4.094886031
5.781831273
6.223868199
6.689024906
7.544563265
7.56674278
7.307218171
6.844943909
6.719813843
6.623029541
6.653308838
6.656707153
7.669955711
7.443095478
5.776219414
4.919039317
4.55390685
4.121125488
4.260616758
4.814652042
4.555886691
5.050515679
3.826692311
4.148329894
3.92241407
5.744020855
6.637107542
7.407254519
6.943184115
6.84276178
7.044946045
7.334591858
7.493244995
7.565556702
7.734978333
7.741639526
9.876568114
8.193327942
3.023265966
2.398730484
1.66122288
1.925793706
2.673705326
2.799453827
3.810185921
2.999170717
4.217643578
4.275351352
3.810494344
4.467388237
6.088057906
5.069690873
6.484316863
6.102201687
5.637185059
5.831621094
5.896331848
6.202791709
6.028570313
5.992110535
5.969340088
4.699147766
6.223599308
4.464627018
4.987821876
3.966467642
4.188943105
4.487885404
4.232322449
3.922677907
3.980066473
4.749837639
5.300903791
5.835734288
7.646341027
6.885756763
6.724691759
6.707232166
6.732980774
6.717503296
6.713396973
6.780958862
6.878153687
6.935934631
7.702512917
4.900666494
3.329540935
1.502365814
1.884749969
2.745530077
2.692376879
3.821783177
3.205231308
3.331398542
4.223230975
3.20676336
4.625497559
5.028945287
5.918116936
5.304296326
6.092493708
6.03395105
6.269827271
6.414151672
6.480558716
6.476831238
6.419419006
6.492615967
6.154274231
4.97781184
3.944314422
2.331477946
0.854466278
1.252489042
1.477903934
1.610256546
2.424304358
1.814569427
3.913814456
2.979744454
3.057960248
4.001674329
4.698265417
5.441667938
4.322843628
4.547713196
5.042110822
4.803751434
4.834828796
4.823968018
4.864336517
4.870153168
4.78629068
3.291341431
2.41253891
3.204188717
2.36214088
2.378833155
1.79099987
1.756992875
1.773177898
2.145963843
1.676930838
1.590190424
1.816744118
3.085184838
3.417832146
3.995494793
5.162325773
4.381756713
5.596780328
4.879435978
4.836603271
4.974617096
5.261715515
5.853950466
5.51422229
5.157967043
4.77449097
2.505939462
1.206175003
0.777600159
1.832193253
2.329767923
2.836638458
3.666029158
4.48294781
3.859471068
4.427052153
5.129337196
6.605177019
5.976534148
7.036214061
6.73807225
7.178684058
6.437927856
6.362932739
6.33086145
6.345232422
6.292827271
6.224519287
4.857781219
5.208793778
3.845055405
5.129457356
3.152690136
3.81517253
2.981441772
3.278939058
3.819391791
3.512123346
4.457132367
4.222867864
4.914315699
5.818556771
5.682959478
6.132305009
7.741275246
5.89236575
6.044639862
6.24861322
6.288469421
6.21054071
6.254197571
6.124707458
4.847241852
5.98847235
4.931706286
3.846581909
3.944030273
4.53122688
4.132586945
4.369116447
4.067493129
3.284031787
3.148230031
3.559255745
4.8409829
6.548082021
6.174954213
6.754661186
6.960410964
7.903632639
7.495741846
7.402959534
7.539432678
7.678955322
7.686527954
7.020137756
5.953682895
7.703066001
1.756410701
0.552946898
0.568749682
1.193356524
1.714067747
1.910298198
1.456360718
1.451277973
1.75776364
2.188659359
4.092986929
4.056848893
5.326881949
5.613004834
5.177789253
5.168970856
5.518446503
5.766950226
5.997253082
6.194731018
6.317430359
6.201536987
4.193132996
4.623590481
2.59015975
1.888152781
2.180696159
3.009044053
2.635217316
2.675311188
2.393960449
2.395812347
2.639653503
3.114093323
4.356482056
5.426450472
5.250299112
5.621469445
5.871004639
6.32411499
6.554936762
6.667831909
6.728342041
6.783775085
6.924656982
7.644329964
5.628591571
5.141981286
4.07958933
2.657934346
2.344156985
3.000836619
3.235024889
3.298909276
2.298098206
2.87680091
2.926971799
3.780781999
5.067602381
5.159301492
5.628888667
6.650748664
7.475788507
7.029298157
7.183304871
7.384577209
7.58231543
7.734405823
7.821642395
7.148898254
3.549289215
2.960526911
2.310275857
2.733702873
3.133840663
3.784311524
4.075462237
3.63768468
2.909744383
2.925082864
3.537468338
3.955345039
3.944094574
4.489795622
4.567817993
5.62024976
6.360889125
5.765760182
5.996747803
6.251894592
6.483336792
6.635501343
6.707320923
6.65252425
4.986034562
5.585502529
2.13113001
0.452444412
1.022200079
1.834160773
2.054255166
1.751242257
2.17376856
2.949992889
3.050193676
2.590222735
3.750527061
4.665477946
5.583777301
5.291358177
4.727513242
5.641663501
5.277971405
5.62755069
5.943851624
6.172328461
6.304669189
7.882038431
3.022315262
2.481311003
0.637267973
0.192789749
0.36996973
0.39710446
1.038691222
0.401390976
0.350981049
0.744083229
1.525241407
1.25274942
2.644365521
4.033437699
3.990785549
4.941223722
5.154065325
4.706743164
4.90167218
4.96847229
5.418383484
5.849540344
6.57595789
5.85466571
3.573877159
4.668966083
2.581341662
1.196377522
0.144107819
1.461252958
1.357821085
1.673704946
2.351766301
1.012318317
1.063473432
1.810360573
3.350374208
4.525713885
4.262890479
5.172276467
5.741705876
5.817272681
6.227399841
6.460452454
6.767913452
6.821727844
6.743877869
6.119371198
5.732235063
3.983235738
1.635583417
0.221214188
0.253161438
0.302044434
0.678436795
0.79718103
0.396200294
0.615040716
1.34967497
1.882313885
3.540171464
3.865395514
5.208032814
4.985048104
5.83759531
5.352396068
5.200817749
5.400049866
5.445927063
5.741840881
6.048918614
5.62086145
5.679827481
3.754195078
2.994326857
3.04318757
2.730640261
2.337679138
2.741534896
2.098069824
2.730654958
2.317647534
1.790901896
2.584727149
3.685301025
5.544305143
5.498037636
6.834180494
6.636479681
7.015993437
6.698590393
6.881694885
7.003971924
7.146117371
7.224475891
6.666139771
4.538740002
5.941026733
2.213611106
0.955256769
2.129565974
1.990461859
2.010767787
2.420582179
2.699767827
2.386883523
2.797654878
2.286620446
3.740714991
4.394134677
5.778160252
5.561592133
6.434740186
6.052100666
6.497749153
6.08905072
6.227194092
6.650174133
6.604861938
8.668334938
5.794247479
4.461239542
1.404311615
1.389359747
0.497011466
0.300210613
0.609714355
0.75616539
0.85000354
1.526038483
1.730985138
3.974140088
4.310334606
5.005712546
4.775401532
5.405720767
5.094741681
5.168413757
5.227396301
5.254872009
5.798319222
5.602007446
5.70133551
5.71432742
5.350956063
3.943690991
3.352631112
2.438345357
2.363768925
2.31734424
2.076232971
2.583176815
1.478018007
1.258790518
0.875339146
1.412416518
3.014880436
3.892614395
4.527513186
4.500294819
4.676159122
4.403896382
4.579589905
4.816431824
4.880177979
4.977243103
5.09699884
11.32994838
5.403167043
5.476768168
3.447140095
0.806387583
0.471811731
0.921811941
0.518705111
0.180678112
0.800072727
1.570367875
1.39029841
1.197064776
2.951243636
2.624129623
3.142580047
2.978695708
3.775293788
3.699298645
4.074848755
4.309185303
4.838756409
4.734054199
4.862701477
4.594487366
3.192030151
3.678350648
1.529371147
0.3820342
0.270104053
0.414146844
0.883697
0.132821
0.787759
0.390684
0.201625
0.357034
1.568184953
1.017910831
2.04891007
2.548690552
2.768869113
2.879330048
3.45666925
4.050495117
4.339651489
4.754598083
5.056802673
4.463567439
2.459909392
3.670247631
0.502201
1.293281
0.27053
0
1.079582
1.238569
0.889491
0.299347
0.152467
0.278807
0.469747
1.179464
1.752769
0.4892
0.346311
0
0.056727299
0.132941971
0.144215042
0.180281708
0.269126366
0.108975151
1.680449
0.381219
0.242721
0.190367
0.000908
0
0.032913
0.878749
1.433754
0
0
0.583621
0.00921
0.84364
0.869135
0
0
0.257721437
0.10121
0
0
0
0
1.20469
0
0.786432
2.367431
1.283139
0.840079
0.284704
0.153337
0.706485
1.141033
0.548488
0
0
0.433545
1.17984
1.37034
0.365368
0.842719
0.305513
0
0
0
0
0.543511
0.858582
0.176841
1.965125
0.959845
1.51876
0.301293
0.802894
0.78285
0.323991
0
0
0.642689
1.230533
0.742813
0.08396
0.521734
0.174957
0.212345
0.041429
0.491293
0.275535
0
0
0
0
1.646021
1.542599
0.588295
0.306979
0.276767
0.354411
0.205779
0.649586
0.304875
1.766592
0.600723
0.583032
0.486222
1.05465
0.690985
0.585778
0.519899
0.141616
0
0
0
0
0
0.854733
1.081399
1.189972
0.426043
1.183248
0
0.178999
0.691439
0.270255
0
0.220316
1.262903
0.334844
0
0.476446
1.462457
1.035757
0
0
0
0.112209
0
0
0
1.647431
5.395538
3.524395
1.975307
0.218178
0.346767
0.569704
0.312302
0.567654
0.205065
0.724328
0.339765
0.837387
1.292536
0.679666
0.744324
0
0
0
0
0
0
0
0.1234
0
0
0.802653
0
0
0
0
0
0
0
0.005662
0.521528
0.572717
0.159139
0.725308
0.989744
0.468452
0.430196
0.506216
0.024226
0
0
0
0
0.800102
3.449142
4.192952
0.1387
0.386556
0.208765
0.295945
0.013424
0.343378
0.5287
0.43503
0.37782
0.083324
0.560078
0.348002
0.264749
0.455408
0.310806
0
0
0
0
0
0
0.155689
0.294898
2.251369
0.855119
0.450288
0.582309
1.055937
0.50758
0.089749
0.03754
0.306935
0.425355
0
0.515755
0.247708
0.315217
0.631348
1.534288
0.264022
0
0
0
0
0
1.365457
3.306473
1.163782
0.378822
0.06621
0.530496
0.399822
0.364367
0.602782
0.129971
0.297108
0.695968
0.020033
0.996843
1.134241
0
0.147152
0.182998
0.214573
0
0
0
0
0
2.26682
1.846816
0.950138
0.879532
0.44014
0.276364
0
0.989144
0.368684
0.048352
0.813568
0.862551
0.288547
0.324023
1.530191
0.166413
0.348525
0
0
0
0
0
0.525855
0.154608
1.803062
0.152965
2.976573
1.987738
0.270696
0.490727
0
0.183771
1.066265
0.571588
0
0
0
0.598408
0.05189
0.649947
0
0.777821
0.416463
0
0
0
0
0
2.720426
1.234975
2.516841
1.048349
1.501451
0.468366
0
0.855066
0.843714
0.198811
0.13723
0.346483
0.228706
0.232782
0.798751
0.579397
0.471577
0.371623
0.188613
0
0
0
0
0.35676
4.068433
3.12723
1.519372
0.737101
0
0.673807
0
0
0
0
0.10628
0
0.240161
1.263949
1.173042
1.475968
0
0.609033
0.158786
0
0
0
0
0
0
1.133411
2.859835
1.276824
1.478755
0.286485
0.28602
0.710431
0.57472
0.404925
0.689012
0.304506
0.598472
0.448925
0.563259
0.980685
0.994696
0.754977
0
0
0
0
0
0
2.290372
4.71563
2.589458
1.371777
0.692021
1.054501
0.66506
0.288178
0.760678
0.914187
0.226285
0
0.022837
0.112652
0.82557
0.649134
0.554172
0.775567
0.182435
0
0
0
0
0
0
0
0
1.052012
1.150343
0.491452
0
0.381625
0.246993
0.207061
0.229237
0
0.211229
0.183745
0.922647
0.34121
0.988726
0.140866
0.339075
0
0
0
0
0.054526
3.865724
2.56602
2.925855
1.042663
0.144416
1.809905
1.09978
0.39828
0.918052
0.272718
0.964932
0.725703
0.568845
0.356207
0.60171
0.983718
1.218439
0.465299
0.102838
0
0
0
0
0
0.683035
2.954414
2.443972
1.773697
0.978565
0.056211
0.911875
0
0.934394
0.374553
0
1.262143
0.162627
0.657066
1.06988
1.492011
0.214794
0.219264
0.34761
0
0
0
0
0
0
0.405892
1.839653
1.562438
0
0.247879
0.216051
0.252838
0.532
0.20745
0
0
0
0.145842
1.096233
0.938249
0.234834
0.444229
0.809153
0
0
0
0
0
1.943435
5.173358
4.879499
0.473947
0.680289
0.411056
0.684889
0.22157
0.133556
0.335634
0
0.488621
0
0.399215
0.468406
0.847971
0.689032
0.074662
0.178781
0
0.286145
0
0
0
0
1.798398
1.696083
1.924407
0.7179
0
0.344737
0.564876
0
0.249329
0.524569
0.879564
1.075824
0.081229
1.090416
0.391291
0.771406
0
0
0
0
0
0
0
0
0
0.540029
1.112925
0.17991
0.181971
0.133008
0
0.430205
0.242053
0.20544
0.519749
0.490493
0
0.723982
0.379707
0.727181
0.387978
0.157328
0
0
0
0
0
0
0
0.606234
1.530313
0.259373
0.782933
0
0.615781
0.434602
0.192145
0.731005
0.654328
0.85125
0.486095
0.60371
0.762095
0.319613
0.47605
0
0
0
0
0
0
0
1.745891
0.913022
0.395504
0
0
0.235163
0
0.073104
0
0.234372
0.107964
0.129324
0.18942
0.614837
0.527746
1.501819
0.606982
0.334652
0
0
0
0
0
0.734811
0.336408
1.16142
1.361468
0.99776
0.567212
0.297729
1.003007
0
0
0
0.682953
0.50017
0.063123
0.325904
0.553524
0.004706
0.345491
0.499066
0
0
0
0
0.049936
1.962485
3.030303
1.785031
1.807499
0.19341
0.48615
0
1.709845
0.254794
0.540801
1.179843
1.327453
0.227048
1.473573
1.265606
0.56589
0.162351
1.046529
0.671482
0.299378
0
0
0
0
0.12259
2.672337
0.341539
0.310906
0.35947
0.271133
0.256646
0.715323
0.433419
0.59314
0
0
0.236154
0.678457
0.977181
0.743114
1.153891
0.0805
0.189728
0
0
0
0
0
0
3.2254
1.761557
2.107089
0.428676
0.043903
0.09609
0.458283
0
0
0.12052
0.394432
0.815074
0.584075
1.071441
1.720926
0.280376
0.465278
0
0
0
0
0.01428
0.171234
1.755241
1.564486
0.509342
1.251046
0.232718
1.43246
0.282978
0.713579
0.325892
0
1.434207
1.442868
0
0.135856
1.178373
0.23154
0.184191
1.388795
0.93479
0
0
0
0
0
0
0
0
1.048987
1.030644
0.957772
0
0.198592
0.143789
0.812755
0.138135
0.510416
0.331277
0.609695
0.50063
0.59465
1.065889
0.634135
0
0
0
0
0
0
0.232258
5.701184
1.321098
0.897273
0.408404
0.196485
0.800042
0.42112
0.343259
1.501757
0.903227
1.402443
1.058581
1.264306
0.168419
0.581209
1.070505
0
0.205513
0
0
0
0
0.245002
0.091902
1.424291
3.059822
1.340869
0
0.29614
1.191089
0.463712
0
0.082061
0
0.608451
0.151293
0.907321
1.076967
1.306019
0.790743
1.355817
0.358317
0
0
0
0
0
1.260885
4.860245
2.848439
1.804738
0.98884
1.28516
1.289152
0.452101
1.179991
1.037407
0.228212
0.310995
0.531903
0.348607
0.323914
0.383124
0.082316
0.407107
0
0
0
0
0
0
0.411951
2.097287
4.842157
1.310948
0.24092
0
0.479641
0
1.306508
0.112695
0.446609
0
0.345006
0.082696
0.517269
0.924454
0.526985
0.928501
0.063256
0
0
0
0
0
0.168088
1.8893
3.294762
1.50348
0.287309
0.086311
0
0
0.286459
0.066675
0.154581
0.838823
0
0.672993
1.405566
0.840108
0.258669
0.091922
0.427078
0.301551
0
0
0
0
1.303685
1.939494
0.830705
0.538539
0.563337
0.817372
0.926527
0.533276
0.618289
0.142744
0.421627
0.775928
0.141241
0.436186
0.706197
1.249926
0.668654
0.085665
0
0
0
0
0
0
2.268498
0
0.390208
1.77949
0.637078
0.888738
0.18417
0.422952
0.810995
0.376013
0.446072
0.586273
0.85175
0
0.712465
0.360519
0.34319
0.571822
0
0
0
0
0
0
0.265778
2.66992
2.059685
1.375038
0
0
0.237563
0.107797
0.304882
0.379
0.808272
0.994173
0.403205
1.464296
1.342441
1.747521
0.776759
0.48787
0.267662
0
0
0
0
0
0.562787
0
0.669118
0.829514
0
0.387478
0.563139
0.220147
0
0
0
0.741545
0.260334
0.638022
0
0.591991
0.290227
0.532768
0
0
0
0
0
0.065469
0.501707
2.772501
3.478072
0.965968
0
0
0.558484
0
0.562533
0.551186
0.575888
0.993177
0.227463
0.905733
0.818337
0.47709
0.300858
0.357381
0
0
0
0
0
0
0
0.310781
1.887696
1.776013
0.327246
0.18364
0.788272
0
0.137953
0.010025
0.524054
0.387468
0.352179
1.270605
1.344972
1.201298
0.190149
0.409812
0
0
0
0
0
0
0
1.091767
2.277108
1.358694
0
0.414494
0
0.042186
0.252663
0
0.413472
0.150008
0.610162
0.889195
0
0.31478
0.528771
0.638254
0
0.451047
0
0
0
0
0
1.928151
1.179093
0
0.801571
0
0.273583
0.222505
0
0.199914
1.199033
1.785967
0.551191
0.997537
0.581797
0.378931
0.308787
0.925873
0
0
0
0
0
0
0
0
0.271405
1.033638
1.567902
0.938911
1.342455
0.627814
0.670708
1.258733
0.226819
0.465617
0.292997
0.678518
0.223139
1.396433
0.557701
0.713145
0.146456
0
0
0
0
0
0
1.521078
0.706201
1.041898
0.208363
0.726954
0.520487
0.67054
0.312867
0.540648
0.868064
0.334516
0.298415
0.302583
1.231351
0.015975
0.215422
0.148103
0.104513
0
0
0.280342
0
0
0
0
1.42432
1.544797
0.536222
0
0.519784
0.187383
0.435259
0.371944
0.649034
0.032986
0.380973
0.92296
0.8467
1.25512
0.397218
0.181352
0
0
0
0
0
0
0
0
0
0.592671
0.297016
0.632053
0
0.208146
0.415814
0.442968
0.52511
0.530242
0.741928
0.418477
0.386755
0.748562
0.122234
0.341653
0
0
0
0
0
0
0.237614
1.895566
3.590085
1.202262
0.45151
0
0.149767
0
0
0.248777
1.333047
0.336277
0.279797
0.585997
0.952642
1.517043
0.299283
0.424669
0
0
0
0
0
0.163499
3.237069
3.410768
2.877311
1.009898
0.851051
0.202253
0.644396
2.535578
0.844994
1.017204
0.282597
0.465592
0.076939
0
0.280438
0.153269
0
0.054446
0.351929
0
0
0
0
0
0
0
0.881858
0.251792
1.257384
0.555128
0.362061
0.84106
0.799081
0.198355
0
0.818652
1.110175
0.494456
2.226217
0.211143
1.017939
0.462854
0
0
0
0
0
0
0
1.462477
0.802758
0
0.189367
0.823546
0.444593
0.57707
0.342829
0.09703
0
0.787171
0.478492
0.057098
0.749627
0.478688
0.747226
0.82841
0
0
0
0
0
0
0
0.430103
0.88093
0.859021
1.533316
0.316821
0.650149
1.304737
0
0
0
0.594583
0
0.314496
0
0.435012
0.497807
0
0.21679
0
0
0
0
0.512873
0.330539
2.677226
2.806335
2.411063
0.866715
0.83713
0.95085
0.441821
0.43759
0.403655
0.358802
0.806589
0.327533
0.540119
0.443119
0.387414
0.594997
0.375936
0
0
0
0
0
0
0
0.015237
3.310664
0.396895
0.39238
0.454899
0.200862
0.528575
0.647243
0.80957
0.998409
1.181553
0
0.018474
1.433508
1.165157
1.005983
0.522381
0
0
0
0
0
0
0
0.385578
1.621449
0
0.264991
0
0.404218
1.005325
0.362817
0.790222
1.038283
0.719074
0.720354
0.643999
0.72673
1.134072
0.440681
0.47785
0
0
0
0
0
0
0.532821
1.263288
0.665286
0.478337
1.043474
0.98621
0.780738
0.959826
0.478863
1.257376
0.269242
0.266344
0.391472
0
0.599561
0.270148
0.67577
0.489841
0
0
0
0
0
0
0
0
0.29842
1.191598
1.185405
0.025449
0
0.335003
0.433535
0
0
0
0
1.123982
1.776621
0.312906
0.775684
0
0
0
0
0
0
0.188801
0
2.043402
2.703631
0.735369
0.947571
0.199937
0.608787
0.234118
0
0
0
0.563427
0.607641
1.009216
1.142549
0.740851
0.3273
0.481672
0
0
0
0
0
0
0
2.313559
2.264424
2.978759
1.077853
0.421314
0.216956
0.407933
0.431594
0.203202
0.797464
0.291702
0.29462
0.243408
0
0
0.390158
0.756975
0
0
0
0
0
0
0
0
4.754086
0.501395
0.185947
0
0
0.234885
0.723885
0.8659
0.123851
0.444887
0.588178
0.651015
0.887611
0
0.47365
0.254051
0.428408
0
0
0
0
0
0
0.349688
0.861317
1.377064
1.10828
0
1.260924
0.239818
0.011024
0.092579
0.282747
0.331649
0.215151
0.349862
0.734941
1.42204
0.611257
0
0
0
0
0
0
0.170073
1.81007
2.131715
1.590981
1.053993
0.946327
0.386866
0.141819
0.478839
0.453
0.604011
0.712302
1.247785
0.228627
0.681846
0.719409
0.84756
0.813215
0.589371
0.572573
0
0
0
0
0
0
0.836915
2.52924
1.757759
0.803768
0.581463
0.291417
0.690852
0
0
0
0.172918
0.238708
0.168129
0.122536
0.354444
0.325183
0.756687
0
0
0
0
0
0
0
0
1.445103
1.466123
1.688541
0.886898
0.93472
0.23417
0.726573
0.378628
0.031643
0.454774
0.444079
0.432909
0
0.299915
0.221267
0.228385
0
0
0
0
0
0
0
0
0.604258
0.514023
1.376337
0.609264
0.912339
0.351863
0.323419
0.695315
0.661352
0.875307
0.421959
0.272959
1.212774
0.658591
0.306613
0.454736
0.375349
0
0
0
0
0
2.309206
2.084697
1.291902
1.092639
0.177257
0.798522
0.310176
0
0.800506
0.999523
0.668181
0.62346
0.176315
0.093034
0.431384
0.746751
0.836408
0.149607
0.15468
0
0
0
0
0
0
2.438348
1.037617
1.354881
0.45494
0.278294
0
0.364843
0.34417
0
0.126422
1.187949
0.303652
0.313586
1.415172
0.428539
1.083556
0
0.254356
0
0
0
0
0
0
1.810553
2.899944
1.513742
0.703535
0.233776
0.654662
0.305545
0.07813
0.331381
0.559924
0.556548
0.354081
0.660773
0.92205
0.468805
0.41947
0
0.231565
0
0
0
0
0
0
0.403047
4.760744
1.736083
0.002686
0.105238
0.076129
0.111447
0.198913
0.96714
0.333765
0.318189
0.333133
1.580154
0.955528
1.156337
0.237248
0.567387
0.204666
0.080465
0
0
0
0
0.266989
0.441482
1.25942
0.567506
0.570638
0.241787
0
0.5961
0.147143
0.258334
0
0.246924
0.350981
0
0.668633
1.039186
0.580723
0.256843
0.615582
0
0
0
0
0
0
1.215883
1.098942
0.333905
0.249004
0.22084
1.134219
0.464775
0.291357
0.646532
0.345142
0.340082
0.458742
0.193995
0
0
0.369165
0
0.082709
0
0
0
0
0
0
0
0.378662
1.125057
1.100026
0.143817
0.222463
1.319301
0.274111
0.233196
1.059834
0.727282
0.670266
0.981024
0.97558
0.844612
0.341895
0.314742
0
0
0
0
0
0
0
0.327317
2.149276
1.756325
0.12033
0.237851
0
1.034582
0
0.295894
1.483155
0.469991
0.547623
0.749351
0.763026
0.819672
0.854013
0
0.316005
0
0
0
0
0
0
2.403234
0.972205
0.812411
0.414509
0.251257
0.100274
1.789135
0.423125
0.28465
0.705011
0
0.567561
0.293862
0.88138
1.435276
0.772534
0.214323
0
0
0
0
0
0
0
0
0.709283
0.52077
0.117306
0.151867
0.427516
0.172585
0.11914
0.64214
0
0.017555
0.559747
0.270395
1.025991
0.198218
0
0.320084
0.881865
0
0
0
0
0
0
0.108579
1.194161
1.820292
0
0
0
0
0.133608
0
0.353277
0.016697
0.559208
0.860203
0.896298
0.460659
0.392024
0.026762
0.101001
0
0
0
0
0
0
0.860037
1.004947
0.326765
1.065276
0.339583
1.169699
0.189188
0
0.642565
0.994297
0.8553
0.171911
0
0.519108
0
0
0.065517
0.432985
0
0
0
0
0
0.90109
0
0.727766
0
0
0.304331
0.595472
0
0
0
0.216399
0.093608
0.045042
1.040108
0.424743
0.274636
0
0
0
0
0
0
0
0
0
0.057961
1.397017
0.292135
0.153912
0.718982
1.264204
0.525828
0.427667
0.563994
0.789255
0.805667
0.42794
0.698633
0
0.567641
0
0.054215
0
0
0
0
0
0
0
1.255148
1.040667
0.739357
0.915287
0.948772
0.933727
1.172878
1.159352
0.188215
0.527617
0
0
0.259293
0.930786
0.458405
0.105459
1.049678
0
0
0
0
0
0
2.482249
1.813548
0.996807
0.228064
0.281827
0
0.366971
0.29909
0.047849
0.109359
0.693507
0.198163
0.213755
0.101725
0.690549
1.393648
0.494427
0.659127
0.116457
0
0
0
0
0
0.45115
0.676221
0.896576
0
0
0
0
0
0.392488
1.032482
0.9926
0.50112
0
1.237318
1.782105
0.656859
0.043873
0.265653
0.188289
0.102519
0
0
0
0
0
3.329403
1.772373
1.140713
0.866354
0.62224
0.476315
0.220728
0.438068
0.233658
0.34661
0.279183
0.853159
0.605711
0.185978
1.00885
0.213583
0.900366
0
0
0
0
0
0.497026
1.223748
0
1.856068
0.590443
0.355353
0.264394
0.163212
0.014688
0.46971
0
0
0.23946
0.146718
0.174214
0.638941
0.561051
0.92964
0.41243
0
0
0
0
0
0
0
0
1.151863
0.308627
0.559019
0.213676
0.134496
0.967774
0.104507
0.00521
1.657829
0.908187
0.403319
0.16914
0.602202
1.003386
0.782816
0.501619
0.530162
0.312528
0
0
0
0
0.440895
1.399921
1.582187
0.910272
0.209154
0.138761
0.221402
0.296725
0.670357
0.129148
0.214541
0
0
0
0
0.369548
0.254508
0.300491
0.28509
0
0
0
0
0
1.994699
2.638079
0.664933
1.264689
0.488134
0.927462
0.239868
1.171747
0.470475
0.846246
0.420229
1.524598
0.392347
0.730804
0.451097
1.26205
0.236143
0.567981
0.68571
0
0
0
0
0
0.699319
0.482738
1.418372
0.159259
0.648871
0.146689
0
0.421928
0.165362
0
0.390772
0.264149
0.747299
0.338253
1.020362
0.133975
1.371428
0.407439
0
0
0
0
0.220041
0
0
2.195533
2.016248
1.594698
0.686108
0
0
0.374607
0.525623
0.118599
0.17076
0.15223
0.380039
0.295359
0.662623
0.532333
0.080741
0.856478
0.353463
0.119918
0
0
0
0
0
3.420569
3.508945
1.620059
0.358965
0.903611
0.278516
0
0.796543
0.60129
0.229945
0.778289
0.892385
0.349519
0.260987
1.32296
0.77017
0.807249
0
0.385518
0
0
0
0
1.435604
1.969725
2.81264
1.481361
1.152786
0.681966
2.086244
0.699617
0.391022
0.181876
0.873822
0.44696
0.216816
0.42922
1.315071
0.696025
0
0.384727
0.281551
0
0
0
0
0
0
0.312655
0.928349
1.480823
2.201015
0.570145
0.308731
0
0.117928
0.425574
0.979231
0.649257
0.4539
0.384201
1.231606
0.602093
0.650435
0.894803
0.451149
0
0
0
0
0
0
0
1.413586
1.771664
0
0.545674
0.282614
0.589482
0
0.141966
0.639261
1.044357
0
0.494826
0.455691
0.594937
0.495195
0.468672
0
0
0
0
0
0
0
2.402002
0.465645
0.996788
0.144006
0.319981
0.314264
0
0
0
0
0.217235
0.317626
0.75504
1.442056
0.339285
0.144822
0.125356
0.414145
0
0
0
0
0
0
0
0
1.107008
0
0.678631
0.16479
0.514162
0.269108
0.343489
0.93357
0.31819
0.13808
0
0.147851
0
0
0.039081
0.581765
0
0
0
0
0.380276
0
1.371206
3.625764
2.472751
0.381043
0.596754
0.143231
0.998104
0.352523
0.495064
0.280338
0.790593
0.237758
0.719262
2.12308
1.450217
0.955965
1.582463
0.513753
0
0
0
0
0
0
0
0.605834
0
0
0
0
0.320496
0.234189
0.953983
0.226513
0.499403
0.293655
0.998024
0.327857
1.066391
0.285301
0.021792
0.160241
0
0
0
0
0
0
0.261133
2.85844
2.323102
0.602721
0.352162
0.888361
0.389181
0.345449
0.024848
0.347779
0.430603
0.347529
0.840766
0.441233
0.200795
0.537645
0
0
0
0
0
0
0
0
0.503935
1.228513
0.679883
0.923583
0.885858
0.614143
0.41855
0
1.505016
0.137986
0
0
0.110982
0.157209
0.44659
0
0.299673
0.136246
0.274144
0
0
0
0
0
0.725681
0
0
0.567857
0.15398
0.249825
0.380649
0.251892
0.05743
1.049103
0.74116
0
0
0.453875
0.408667
1.209371
0.720122
0.644053
0
0
0
0
0.405117
0.637113
2.784575
1.553746
0
0.607495
0.190062
0.250411
0.288356
0.248377
0.165042
0.337194
0.577035
0.311035
0
0.923921
0.257706
0.695285
0
0
0
0
0
0
0
0
0
1.036981
0
0
0.746587
0.622184
0.153006
0.275444
0.389033
0.387686
0.361297
0.56616
0
0.447496
0.626179
0.336208
0
0.698647
0
0
0
0
0
0
0.484147
0
0.445779
0.215722
0.424404
0
0.225184
0.8663
0.482736
0
0.723292
0
0.925032
0.442426
0.458136
0.323385
0.053022
0
0
0
0
0
0
0
0.750602
0.53754
1.20214
1.417434
0
0
0
0
0.289569
0.445522
0.321865
0.502605
0
1.542456
0.760663
0
0.410684
0.284192
0
0
0
0
0
2.940404
4.388443
1.975681
1.824869
0.401253
1.040019
0.839949
0.234933
0
0
0.151949
0.198513
0.197536
0.385625
1.408022
0.529449
0.380231
0.305547
0
0
0
0
0
0
0
0.97434
0.782965
0.712144
0.607637
1.12327
0.895684
1.293661
1.000112
0.868314
1.241232
0.281928
0.796057
0.243466
0.134578
1.09651
0.492653
0.367687
0.194609
0
0
0
0
0
0.257054
0
0
1.355118
0.100811
0.181694
0.607592
0.213383
0.210193
0.874447
0.278144
0.477423
0.434304
0
0.323148
0.586075
0.345269
0.787351
1.040752
0.564516
0
0
0
0
0
0.266596
2.49419
0.849499
0
0
0
0
0.284868
0
0
0.489136
0.22107
0.18283
0.143439
0.841839
0.453447
0.180721
0.430131
0
0
0
0.463159
0
0
0.490909
2.736361
0
0.098536
0.334739
0.282967
1.236118
0.94996
0.395084
0.490027
0.497742
0.37706
0
1.69155
0.778232
0.27569
0.466819
0
0
0
0
0
0
0
0
0.143405
2.306835
1.486854
0.399499
0.686874
0
0.480948
0.57996
0.540905
0.838532
0.647624
0.250917
1.322976
0.914228
0
0
0
0
0
0
0
0
0
0.527847
3.171111
1.363054
1.02503
0
1.041322
0.348327
0.571069
0
0.52871
0.350501
0.455751
0.394493
1.256997
0.450307
0
0.473671
0
0
0
0
0.207657
0
1.005831
1.980457
1.517668
1.408723
0.656302
0.325608
0.358703
0.735299
0.266293
0.431084
0.825461
1.431128
0.969369
0.67183
0.444756
1.308078
0.158227
0.885827
0
0
0
0
0
0
1.47888
2.663384
0.718123
2.097579
0
0.64888
1.180111
0.153403
1.254949
0.193546
0.28077
0.157899
0.622661
0.057866
0.470063
0.985576
0.277994
0.472843
0
0
0
0
0
0
0
0
2.300503
1.293806
0.928032
0.455098
0.401045
0
0.272576
0.05048
0.096178
0.792092
0.35421
1.294937
0.643891
0.505674
0.302311
0.784859
0
0.291787
0
0
0
0.265319
1.167587
3.065941
2.959156
1.267746
0
0
0
0
0.31676
0.351925
0.241381
0.882374
0.201878
1.334626
0.257472
0
0.494633
0.742214
0.025116
0
0
0
0
0
0.428922
2.233974
2.463782
0.760876
0.191744
0.308078
0.42289
0
0.096784
0.646124
1.410838
0.486753
0.036488
0.585137
0.778578
0
0.472158
0.692105
0
0
0
0
0
0
0.155474
0.659474
0.193357
0.9708
0.547816
0.336471
0.171028
0
0
0
0.355619
0.165945
0.108146
0.162161
1.117352
0.894218
1.171525
0.187335
0.408914
0
0
0
0
0.081705
2.632082
3.851296
3.291547
0.973673
0
0
0.215606
0.248585
0.736216
0.384579
0.046164
0.670576
0.250877
0
1.9735
0.363222
0.358749
0.531017
0.16844
0.121001
0
0
0
0
0
2.703466
1.333573
1.238916
0.36198
0.177434
1.354803
0.610654
0.565911
0.550124
0.757013
0.580855
0.676381
0.842353
1.027708
0.40927
0
0.070353
0
0
0
0
0
0.015019
2.478942
1.947638
1.388764
0.438692
1.019899
0.248435
0.447463
0.428653
0.607302
0.165873
0.473081
1.145071
0.247844
0.219823
0.365175
2.174753
1.185017
0.377113
0.25888
0
0
0
0
0
0
0
0.307018
1.331816
0
0.752542
0.953379
0.530071
0.425994
1.442107
0.669403
1.347037
0.450309
0.509667
0
1.034426
0.196579
0.600489
0.339456
0
0
0
0
0
0
2.236689
2.307994
0.252406
0.351949
0.393796
0.544191
0.377118
0.194873
0.212694
0.562319
0.146086
1.381889
0.891251
1.525176
0.427125
0.383542
0.514199
0.098927
0.134747
0
0
0
0
1.247149
4.226324
1.263661
0.228152
0.692242
1.076009
0.405978
0.462339
0.60376
0.622049
0.322489
0
0.667472
0.386303
0.816099
0.24728
0.488208
0.143587
0
0
0
0
0
0.177189
3.225619
3.079234
1.790389
0
0
0
0
0
0
0
0
0.261475
0.273476
0.079764
0.368772
0.198222
0.17662
0
0
0
0
0
0
0
1.00546
0.692348
1.229805
0.646031
0.07759
0.138332
0.285121
0
0.182775
0
0
0.147449
0
0.481186
0.338594
0
0
0.294882
0
0
0
0
0
0
1.17047
1.009935
2.967626
0.676421
0.953958
0.467609
0.360905
0.747862
1.200737
0.010567
0.501105
0.931873
0.548689
0.636451
0.668845
0.673709
0.352801
0.295843
0.489175
0
0
0
0
0
0
0.494035
2.113597
1.449654
0.70581
1.099348
0.934483
0.289672
0.604145
0.439792
0.443595
0.076701
0.764922
0.749682
0.594212
0.836333
0.482472
0
0
0
0
0
0
0
0
0
0.335445
0
0.279085
0.418196
0.276402
0.821847
0.654856
0.257679
0
0.994386
0.628333
0.514808
0.250882
0.382583
0.376544
0.571311
0
0.232397
0
0
0
0
0
0
0.684551
0.432742
1.131074
0.520784
0.207535
1.419077
0.59416
0.028674
0.689328
0.25589
0.632423
0.288389
0.541729
1.026422
0.431648
0.116486
0
0
0
0
0
0
0
0.125351
0.597514
0.903257
0.744218
0
0.09723
0.923665
0.157452
0.514139
0.479002
0.184401
0.147086
0.104284
0.473733
1.438603
0.44592
0.394113
0
0
0
0
0
0
0.651334
2.021627
4.587066
0.743412
1.166852
0.364499
0
0.386903
0
0
0.402755
0.134838
0.275272
0.33589
0.168951
0.987658
0.08395
0.67238
0.317501
0
0
0
0
0
0.499078
2.223126
2.128815
2.054541
0.949589
0.408934
0.280163
0.514793
0.298773
0
0.26342
0.243381
0
0
0
0.057758
0.248143
0.087225
0.238727
0
0
0
0
0
0.615809
0.645372
1.685636
1.433266
0.141161
0.027
0.658888
0.380368
0.545852
0.913987
1.030996
0.223076
0
0.741371
0
0.367839
0
0.037986
0
0
0
0
0.061865
0
0
0
1.343059
0
0.523326
0
0.509595
0
0.169492
0.551289
0
0
0.207851
0.216024
0
0.16688
0.3308
0.141761
0.249624
0
0
0
0
0
1.212465
1.73913
1.626343
1.359775
0.807621
0.98799
0.934379
0.524103
1.011665
0.952272
0.805431
0.913383
0
0.262418
0.283805
0.626353
0.475664
0.518788
0
0
0
0
0
0
1.075717
2.403812
3.559609
0.664987
0.262665
0.442191
0.616274
0.527782
0.518068
0.419313
1.345565
0.807279
0.500885
0.88182
0.642038
2.97365
0.198593
0.212525
0
0
0
0
0
0.072641
0.325019
2.219989
1.481279
1.816601
0.433621
1.152226
0.566181
0.272348
0.761666
0.237267
0
0
0.339435
0.318528
0.577442
0.573075
0.601488
0.304357
0.107178
0.062738
0
0
0
0
0
0.722414
1.642233
0.320592
0.722043
0
0
0
0.726769
0.348711
0.454196
0.492814
0.502783
0.529409
0.475387
1.453285
0.638571
0.820992
0.660856
0
0.20766
0
0
0
0
0
5.028278
0.798387
0
0
0.23781
0.509781
0.264629
0.745099
0.864274
0.493465
0.882054
0.623665
0.839765
0.398927
0.706712
0.529336
0.192601
0
0
0
0
0
0
1.285108
0.79592
0
0.189564
0.236652
0
0
0.414248
0.010788
0.286767
0.47278
0.279532
0.077767
1.665647
1.855904
0.256612
0.262137
0.186415
0
0
0.252855
0
0
0
0
0.26897
0.510513
0.489974
0.428601
0.099739
0.4306
0.509168
0.138454
0.521715
1.145681
0.791257
0.54632
0.157083
0.826861
0
0
0
0.355526
0
0
0
0
0.666534
0.13308
1.8754
1.428747
0.922939
0.339313
1.118808
0.955662
0.058015
0.257347
0.169843
0.289913
0
0.129476
0.550794
0.362877
0.255497
0.536843
0.642213
0
0
0
0
0.324297
2.770872
2.653771
0.5783
0.779129
0.277643
0
0.005825
0.693544
0.009831
0
1.194677
0.45997
0.331183
0.823557
0.700481
0.591477
0.316057
0.240766
0.261927
0
0
0
0
0
0
0
0.317529
0.36709
0
0.995603
0.311202
0
0
0.241999
0.189087
0.794696
0.881879
0.121423
0.770418
0.394498
0.355628
0.638411
0.768771
0
0
0
0
0
0
0.788199
0.70957
1.834933
0.130746
0.216643
0.24052
0.417572
0.158146
0.305886
0.195834
0.541686
0.624044
0.47692
0.672015
0.677994
0.465521
0.836425
0.466139
0
0
0
0
0.102286
1.437413
6.517727
3.016938
0.503555
0.488533
0.764624
0
0.251574
0.451701
0.561376
0
1.141457
0
0.909247
0.806679
1.239665
0.884452
0.224803
0
0
0
0
0
0
0
1.781267
1.368971
2.307295
0.605127
0
0
0.394833
0.399464
0.213477
0.288348
0.600242
1.464833
0.46773
0.174774
0.445686
0.140815
0.275098
0.53824
0
0
0
0
0.273135
0
0
0
0.489618
0.99289
0.38476
0.89502
0.55488
0.284603
0.143352
0.623194
0.851775
0.308253
1.195946
0.502495
1.015303
0.133677
0.261602
0.230064
0
0
0
0
0
0
0
0.636909
1.173667
0.151048
0.199485
0.500758
1.30701
0.684686
0.66819
1.43897
1.164962
0.631522
0.124246
1.038939
0.871097
0.229656
0.634457
0.182967
0
0
0
0
0
1.192202
0.591074
1.654734
1.905234
0.865043
0.342699
0.46625
0.801931
0.555686
0.001105
0.071653
0.582524
0.442565
0
0.212834
0.755441
0.588456
0.245994
0.422298
0
0
0
0
0
1.521203
5.617481
3.141333
1.089772
0.349048
0.709902
0
0
0
0
0
0.809407
0.31063
0.757476
1.704728
1.307955
0.434179
0
0
0
0
0
0
0
0
1.093602
2.229598
0.863969
0.692505
0.257228
0
0.584912
0
0.437814
0.342516
0.908055
0.173741
0.642052
0.919024
0.232533
0.792802
0
0.123883
0
0
0
0
0
0
0.114753
3.507039
2.555415
0
0
0.778592
0.802684
0
0
0.17992
0.117312
0.095704
0.638198
0.770556
0.897053
1.891468
0.293814
6.477168059
6.449400817
6.306194763
6.406416626
6.600611572
6.681444397
7.659956241
8.991865388
4.138625961
3.27232658
2.290043731
2.208601177
2.079957233
2.010341535
3.01231442
2.726508851
2.91434561
3.839167249
4.105071875
5.315634619
4.482208446
6.646289929
5.232388331
5.475393583
5.006741425
5.016973907
4.953007568
4.849138641
4.837659973
4.919143768
4.98466394
3.820471039
3.268455302
2.569426605
3.406563559
3.278501273
3.192006839
3.345004446
3.021940081
2.909873957
3.232133249
3.832313385
3.065696002
3.681930725
4.309705455
4.660082616
4.475645538
5.480001438
4.983869246
5.010762223
4.848818054
4.913138977
4.921408936
5.003938599
5.095303101
4.123130096
3.817403016
3.165801104
2.975445476
2.763064538
2.563028692
2.700454539
2.301367182
3.282782218
2.753285359
2.590848871
3.027469638
3.377110413
3.692357475
4.525866858
4.27750431
4.350310222
4.309808273
3.6122742
3.351941956
3.126552399
3.258403076
3.427449768
4.83690411
3.953066693
3.495504986
1.138257951
0.006011144
0.171702
0.164961
0.538612
0.42202
0
0
0.40312
0.846976141
1.122788309
1.313034555
1.552861316
1.776575928
2.813586218
3.562201883
2.545330566
2.881469635
3.303890198
3.856573608
3.962949951
4.641583036
4.058815066
2.060825761
1.840955593
1.168679528
2.109815186
2.18844786
2.304921349
2.021614439
2.286781793
2.004696049
2.089496117
2.677474709
2.876145874
3.027838281
4.790021664
3.849344186
3.568217288
3.032072923
2.751694489
2.793618195
2.956605469
3.125596619
3.693505805
7.006035354
4.305179526
3.076519418
1.178920991
0.833136004
1.402408001
0.247664051
0.825581459
0.46252897
0.076817825
0.297112188
2.841430143
4.217872516
5.255135512
5.188909795
5.102353167
6.493639814
5.884015869
6.0900755
6.189673401
6.37653418
6.607017212
6.899540222
7.070486633
7.303677551
8.444609845
4.212868188
3.535895274
1.791718825
2.658843495
3.673916732
3.19909436
3.629271252
3.208714829
3.260783704
3.897323554
4.603542346
5.25098796
8.020301118
5.555602604
5.814893659
5.478534827
5.546100318
5.781019897
5.904480652
5.865256287
6.156635182
6.070538262
7.623651626
7.380158046
5.323341497
1.771850168
2.857264931
3.901603886
3.531194053
3.084483284
3.510001471
3.131775624
2.561363995
3.383116824
4.446761211
4.978835395
4.993920023
5.906257845
5.610096302
5.977158638
6.544287705
5.864981049
5.824252747
5.888327972
5.982489105
6.131445496
7.174034721
4.778535908
3.91093459
1.656926037
1.032424274
0.416466917
1.685499931
2.636326995
2.75114503
1.985716311
2.050721363
2.097229706
2.943106537
4.275337977
5.251958857
4.883456716
5.059168533
4.836361639
5.13802501
4.830967987
4.842890686
4.915819855
4.878637268
4.847825012
4.797763458
4.950897664
4.451071169
3.220887677
3.912933873
2.739190963
2.687985888
3.279219547
4.195224138
3.128673364
3.278034014
2.60679481
3.324004621
3.621080233
3.36152291
3.305424765
3.09044632
3.261383474
3.710555617
3.685039246
4.013430481
4.209014984
4.36561554
4.513825287
5.031624109
6.283472149
7.497926731
3.524490849
3.761861799
2.865812195
3.025260742
3.163216949
3.083128479
2.970264954
3.383734
3.680037928
3.671413082
3.896990969
4.109126241
4.814453066
4.553364807
4.969435192
5.1844552
5.450432495
5.572455566
5.701985229
5.917441223
6.011242432
6.915575703
6.245585481
4.67483606
3.23211627
2.059995867
2.307146887
2.479291656
3.279023405
2.692099996
2.152299085
2.356715088
3.081115945
3.662478508
4.995826607
5.367922443
5.219204081
6.352825827
6.364482881
5.924847107
6.152642456
6.336702942
6.337992432
6.205149536
6.291227173
7.045765846
7.50244705
3.595583192
2.052342231
1.078708885
0.832345409
1.2936315
2.333403858
2.366552181
2.300574557
2.159670586
2.60257651
3.629987146
4.280129697
4.283532745
5.664748764
6.006378709
6.346164401
6.530909302
6.498619141
6.747074158
6.885679749
7.072376892
7.225642151
7.2500578
7.00121447
5.937816181
1.676975257
1.129542506
2.467775561
3.227363231
3.30987534
3.389574045
2.786056448
3.597270369
3.532041888
4.269923167
4.740741394
5.357757105
5.954995033
7.171556128
6.357139731
6.808088973
6.875954102
7.087274475
7.266760803
7.413411255
7.601372253
7.640872925
7.472142312
5.632269045
2.217733156
1.343465759
1.289740417
2.285953126
2.822583083
2.724123505
2.478067017
2.641805298
4.012761679
4.457620985
5.155468166
5.400887596
6.90568613
6.190623118
6.374120052
6.534044968
6.493116638
6.62878656
6.757233215
6.93357666
6.983770935
7.061108154
6.053039994
5.315718598
4.461455346
2.329851013
1.757402194
2.642650467
3.279712368
3.549183383
2.325198667
2.53972783
3.460381423
3.946137685
6.140898064
4.845241442
5.619343524
6.277206098
6.527201021
6.680481819
6.269412659
6.505902527
6.669234375
6.815843018
7.007158569
7.054043335
5.717312927
5.338792912
2.675390238
1.668480577
1.887365565
2.177657235
2.817081816
2.19052863
2.370005045
2.174915338
4.931140078
3.632182355
4.23633206
4.829712958
4.60390332
5.460107214
5.393801788
5.844300507
6.048392395
6.17575116
6.469469666
6.512788086
6.629774841
6.828707899
8.169412315
4.370496166
3.279223792
1.278686435
1.358648572
1.647312089
1.984247045
2.280460966
2.624454604
2.918065979
3.372700735
3.842483979
5.162763098
5.032495783
5.137995378
6.260669164
6.552878887
5.827276428
5.977479065
5.954219025
6.04752832
6.137778564
6.196914032
6.777537769
5.417323273
4.059111633
1.793309525
1.761909661
1.889501409
2.553170418
3.749674717
3.320969351
2.621636285
2.944519396
3.12404732
4.361340805
4.930361772
5.578027312
5.249266693
6.624132792
6.630199687
6.258871826
6.421815674
6.466943542
6.654908936
6.716622437
6.904180707
8.86966439
10.10593911
6.425985541
4.871261388
4.733246525
4.831694525
4.589947991
4.534341003
4.41229491
4.326243274
3.998423011
4.392768677
5.900460482
6.444640767
6.729429
7.76599721
7.082453628
6.960061121
7.078844055
7.354612854
7.417329895
7.537082397
7.654658264
7.777954346
7.870523071
8.778493589
4.95210352
3.726241408
3.390296614
3.034177396
3.738600081
3.337058807
3.421352905
3.234009644
3.9608705
3.672268341
4.211154114
5.107946259
6.051066849
6.94212905
6.73578791
6.726980042
7.286676671
7.257889465
7.352174988
7.584933655
8.163793035
7.760680542
8.643123991
8.580598915
6.029243147
4.29642729
3.928645361
2.851683136
2.803421482
3.223740112
3.475378761
3.173537537
3.404982605
3.968588928
5.02223417
5.722012498
6.383143896
6.769425739
7.228526756
6.537019104
6.801197876
6.963289673
7.174715576
7.330424927
7.455761475
7.478410583
8.081325657
8.279571423
4.313765381
2.832407013
2.542765541
2.809461585
3.586310494
3.28712273
3.207744162
3.262724353
3.99877793
4.264497024
4.528605804
6.058715458
7.36911033
5.781360291
7.272645412
6.618401112
6.467483093
6.580126465
6.653318604
6.708464355
6.771261414
6.766410156
6.74851355
5.557663116
5.032936221
5.541045472
4.678714745
4.994824201
5.219640176
5.117238779
5.339808174
4.477087353
5.331220335
5.057991791
4.625574948
5.543154469
5.440967395
5.74230499
6.2615943
6.193386997
5.633620697
5.680404724
5.612786163
5.599397858
5.601882599
5.619036041
5.852393926
5.200409761
7.698641837
5.644123031
4.844818094
3.63626812
4.517195822
3.375628723
3.419870526
3.350999614
3.589720527
3.89947425
4.302401174
5.071225283
5.095666982
5.715841196
5.876678502
5.149631004
4.891236938
4.930357758
4.928249359
4.954339813
5.057363983
5.149748596
6.027180742
6.04276814
5.941389402
4.756053427
3.162026276
3.43352811
3.210916748
3.274248901
3.644886049
3.280312927
3.976908945
3.820051514
3.931098922
5.083472841
4.965309382
4.866952148
6.383956008
6.223484902
6.11260025
5.777376221
5.694996582
5.77029895
5.780409546
5.717491028
7.167777248
5.682683933
6.272587157
4.180661629
3.768014941
3.457768525
3.07055392
3.14426571
3.255267233
3.129955001
3.343461083
3.688189114
3.715143188
5.656635091
6.015849138
5.858620947
6.145297255
5.315443359
5.866197541
5.399599609
5.391232178
5.432648621
5.439453186
5.460406189
5.512805969
8.036109585
7.882988207
4.780828112
3.939639299
4.034081797
3.767547347
3.568044364
3.660097763
3.313466564
3.288470308
4.068327898
4.278053528
5.521618798
6.639789677
6.737565575
6.565587433
6.547518306
6.848862736
7.052319824
7.18433374
7.438751831
7.429165894
7.636810608
9.776178925
7.026286677
5.648809165
3.744720895
2.267485321
2.453027315
1.964607697
2.58978143
2.458667979
2.269364136
2.563970001
3.228133606
4.364218929
4.890916325
6.659471154
5.958865292
6.008415268
6.218414528
6.057348299
5.672806763
5.819025452
6.106113831
6.193437073
6.252074951
6.21005719
5.863429061
6.640191629
4.562389093
4.829095103
2.434154198
2.896866531
2.284935944
2.655555337
3.032222412
3.162080015
3.140637136
3.13403949
4.562316306
5.40044497
5.374297992
5.367240417
5.538435364
6.376318267
6.558757428
6.116609131
5.952583008
6.104678101
6.03857666
5.914552368
5.431689865
6.290293208
5.154461143
4.263316531
4.19537617
4.419441783
3.696032971
3.133083344
3.012009383
3.79139056
3.64683675
3.777930595
4.738906762
5.405205699
4.533424866
5.482203521
6.024791308
6.112880127
6.229162048
6.293924683
6.172641113
6.339540222
6.315834778
9.419306493
8.683245685
4.295728821
2.818490709
1.803993563
1.790719096
2.406321493
3.159870619
2.793594115
3.429197895
3.692103292
4.091033243
4.252988319
5.394728097
5.514004782
6.298332662
6.77853934
7.485938996
7.10589921
6.595264445
6.190315857
6.206654358
6.254343201
6.428211815
6.537871365
5.615708801
5.198358604
5.450031694
4.4111583
4.129051551
3.939931274
4.49296212
4.391843771
3.918277344
5.05046441
4.221507597
4.735486893
5.309837938
5.703846324
7.353767485
6.002889042
5.993177741
6.047849854
6.128578491
6.249455383
6.275689819
6.259047485
6.213248474
6.214394348
5.660340259
7.414074298
4.525801207
3.581338684
3.702058382
3.044119629
3.19080835
3.194127808
3.152308594
3.891757634
4.099928585
4.442121345
5.23500005
5.732128694
5.874955181
6.055213498
6.591543526
6.123249146
6.223711365
6.341888306
6.314172485
6.333425842
6.314046204
6.36746936
6.495341298
7.55682351
6.330209133
4.181265286
4.440430693
3.751193319
3.854673402
3.483131409
3.902786945
3.399897436
3.708919451
4.354557039
4.381225555
4.746141269
4.867578345
5.901421232
5.081091095
5.904580903
5.242181671
5.233017853
5.240968414
5.293830933
5.335497772
5.38980327
6.095509873
6.679370107
4.629785137
5.405621479
3.693809757
3.99576108
4.010805405
4.060229521
3.6382219
3.339115061
4.140796692
4.32106276
4.375114594
4.668656554
4.994479171
4.9886936
4.972824463
5.115497498
5.236729858
5.319421631
5.346484924
5.362406555
5.417155823
5.449827698
6.281704093
4.46346659
3.612930322
2.669670931
2.465382291
3.83922751
3.83077929
4.364561904
3.864115047
4.907929206
4.341372809
4.406643049
5.283570518
6.092120418
6.242889647
6.536072549
7.626315965
6.853372723
6.843022102
6.587551514
6.452645081
6.486841187
6.589754168
6.447294729
5.243865631
5.00136306
5.05970465
4.544082328
4.316118385
4.498367313
4.671685766
4.761246168
4.071580017
4.231193339
5.007184492
5.173283562
5.556629944
6.442853214
5.722435303
6.532487765
6.226145386
6.295138916
6.319217224
6.384808655
6.482345215
6.456635986
6.431447083
6.418242249
5.377266998
5.090555188
3.681559143
4.460739717
4.381672959
4.508769348
4.93484251
5.053064953
4.127603516
4.266662842
4.941146731
5.398364939
6.251476464
6.71954495
7.315085034
6.909801147
7.635482545
7.356587585
7.179269226
7.313022827
7.48175592
7.481531799
7.347701904
9.053339113
7.573003044
8.096675382
5.459529714
4.773124421
4.601621094
4.681579649
5.050362862
5.122284861
5.038067583
4.789296692
5.831032409
5.330944812
5.682499512
6.39785377
6.422816832
6.239511353
6.415673523
6.551051392
6.538923706
6.576243042
6.631752563
6.629617432
6.574555298
9.484713686
11.56423336
10.24988218
5.127141592
4.883504145
5.201955382
5.197018569
4.96606488
4.919654358
5.186269169
5.498457266
4.509352234
4.818164615
5.773950403
6.487123324
6.15645443
5.870286302
6.034532598
5.616407227
5.608489258
5.888605713
6.06661615
6.091127991
6.200276367
7.456420327
6.763042938
8.020220378
5.58784257
3.93547526
3.673744786
4.435365348
5.155612361
4.166400679
4.030525338
4.332931609
5.434227937
4.955203002
6.98835134
7.493726287
7.601428217
7.74014111
7.013144688
6.906052634
6.842839111
6.819734436
6.799055725
6.863768127
6.9967276
7.113048706
6.860962801
8.322142762
6.068996414
7.188154285
5.622949447
6.457960465
6.219226877
5.505726202
5.141807284
5.465790875
5.099727805
5.452772189
6.001198034
6.158331516
6.222475489
6.405413454
6.673169185
7.034619548
6.453920837
6.47936908
6.505531128
6.502299194
6.508280701
6.483413452
5.450356354
4.869170105
4.58634967
4.546234131
4.6705972
5.752334876
5.348108419
5.864885131
5.051135362
4.680967013
4.839463817
4.770982819
5.978355974
6.807959089
6.13572946
6.379419
6.148838928
6.220385498
6.201380493
6.103530701
6.456996558
5.973782043
5.999065063
6.076339478
5.195523773
4.8793779
4.082180176
3.189327438
3.303488024
3.503039734
4.243642792
4.512967507
4.226872755
5.872776444
5.196204704
5.480898104
6.057734378
7.00546304
7.245956708
7.374864626
7.590348047
7.288726625
7.268471924
7.367836792
7.453175964
7.595269013
7.55249353
8.803821218
8.712628204
7.141967495
6.19837777
5.898507688
5.897272952
6.138758786
6.476534122
5.585185364
5.414151611
5.863401106
5.462827227
5.462077209
6.07467981
6.261734751
6.754867041
7.806201854
7.368952052
7.04753733
6.995459351
6.977729858
7.078011292
7.027952759
6.991317383
8.176993028
8.881101247
8.124966885
5.618723719
3.843765747
4.772760469
5.033912901
5.060972657
4.958634024
4.674065308
4.639540039
4.736504158
5.394608161
6.476834552
5.827116623
6.477681733
6.43403547
5.896617396
6.163323215
5.775358398
5.792054382
5.833917908
5.772703857
5.76315448
7.446719834
6.830971631
6.209640547
3.808077588
3.916349042
2.558297119
3.145201904
4.034735082
3.953019048
4.231470772
3.728529358
4.446044786
4.359877603
6.049095701
5.687283282
5.480986711
5.961013731
6.976571254
5.785838684
5.879773865
5.947967957
5.975703003
5.993729553
6.211226059
7.707692852
10.34096904
7.837422118
4.623507989
4.046281372
3.904007568
3.968091797
4.122467194
4.081044739
4.877309377
5.144207244
4.136891599
4.125390589
4.3810289
4.832991343
5.383323553
5.15415522
5.471096713
4.893789856
4.942114197
4.934967285
4.994601227
4.954709137
5.00781843
6.548866446
5.853771504
5.565309597
5.315824978
5.413170664
3.538964581
4.590902502
4.116768544
4.504042875
4.218174327
4.625617046
4.724783363
4.745201538
5.594761755
6.519458579
7.176183095
6.890845325
7.167020347
7.519994246
7.132029358
7.206400208
7.343157471
7.483928955
7.53272937
7.494453857
6.29268869
7.816383615
7.148663832
6.572104875
4.759247636
5.128053212
5.354501696
6.196571027
6.213487091
5.27325354
5.490598207
6.569913986
7.407848394
7.671309923
8.283435719
7.914328405
7.572909348
7.486752625
7.416605896
7.345477478
7.319520508
7.623995613
7.371492004
7.320531372
6.31914325
7.183953811
6.018964118
5.685177616
6.10587903
5.691023682
5.72568578
6.700386804
5.870565895
5.951567976
5.46980426
5.92540534
7.140239995
7.214148293
7.127969518
6.862238831
7.949775675
7.508718748
7.37871344
7.542735474
7.571162415
7.531784119
7.603522278
7.999740598
9.138633789
9.01810478
7.187870756
6.854144118
5.949148716
5.18928363
5.320184631
5.430977905
5.690259931
5.579882996
5.59669635
5.77373468
6.474927124
7.190213614
6.643092773
7.890085405
7.278134138
7.107559341
6.980071838
7.0036745
7.479245638
7.030781433
6.990501831
8.233317952
8.489847295
6.736997176
7.12855179
5.419277466
5.376260269
6.053024829
5.289405878
5.568725328
5.492490763
5.421506194
4.782916982
4.613725422
5.373577199
6.069565349
6.425535186
5.649032772
6.050787992
5.393922974
5.454867065
5.507266907
5.802729689
5.88669635
6.286092686
6.289263794
5.678535591
6.772073599
5.642396745
3.874149313
3.639075247
4.640271596
4.558785187
5.304120049
4.991618429
5.089368637
5.549829183
5.607596456
6.999528641
6.68847779
8.024517631
8.2705215
7.642427197
8.258677693
7.704952942
7.779330017
7.801652771
7.699577087
7.647986755
8.185684896
7.466754419
12.17128782
6.732309892
5.049463135
5.024551001
4.698841553
5.547530301
5.06913561
5.485613657
5.584241418
6.3482664
5.424629933
7.185312861
7.958582051
7.034664259
6.399956348
6.350019592
6.449398132
6.492971863
6.485661438
6.504881714
6.528568359
6.541911438
8.333128639
9.20315539
7.600393627
5.328727848
4.809128174
5.00609267
5.534739635
5.53419952
5.192907365
4.78736145
5.435463684
4.763486042
5.150587193
5.77942216
6.014032731
6.931493305
5.67471167
6.509883195
6.048004079
5.962857056
6.019651123
6.106791748
6.169212891
6.596632824
6.265543396
6.976355351
4.908730042
4.498843384
4.823639173
4.631096191
4.939396885
4.82151001
4.820319458
4.724279541
4.815472595
4.956677282
5.373292157
5.921230689
6.560764958
6.487703859
6.523072439
6.540291452
6.444628357
6.504639099
6.530097961
6.633139282
6.596011536
6.507267151
7.979295093
12.25397375
6.704521969
6.124308839
5.710116957
5.405942938
5.761305124
5.388288275
4.927966585
4.599786011
4.863647562
4.998610032
5.376512644
5.961505104
6.379651633
5.860705634
6.658878754
6.731008592
6.51210633
6.430608459
6.441839966
6.502289124
6.533269287
6.649701891
7.00903378
6.947940734
6.453540393
6.930662302
5.051344175
5.041030241
4.800545105
4.881057556
5.257541833
4.952336244
5.340644034
4.883130854
5.720085823
5.445516907
6.693860184
6.06319213
7.141368189
7.153316024
6.607841717
6.236092285
6.24709613
6.260768372
6.255732971
6.248766357
6.349136208
7.519367856
5.883303208
6.584879267
5.634466092
4.547622559
4.882518567
4.975942097
4.671937317
4.64933931
5.65338817
5.135010614
5.818845392
5.796025797
6.328725798
6.384631658
8.511953417
6.440558627
6.80026847
6.375089722
6.518436401
6.757785156
6.870446289
6.930915344
6.980420776
6.088886841
5.62638623
5.306511313
3.972350947
4.100339981
4.019015542
5.791050849
5.48160872
5.233620992
5.500834526
5.570434201
5.879333714
6.440366548
5.900268351
6.828439703
6.835025139
6.553873579
6.652124607
6.436593994
6.451105164
6.464165649
6.478290894
6.49319043
6.45683728
7.115438465
5.944066648
7.264956158
4.953477539
5.94632468
5.134628017
4.992793288
6.207414455
5.136060026
5.23127041
5.569143585
5.079691895
6.755884408
6.31086772
6.391557594
6.373047583
6.217759583
6.309711487
6.329986877
6.349467896
6.384320313
6.733501135
6.385247375
6.389394836
5.520655182
6.552360954
5.457599718
5.499770657
5.676327655
5.735153788
5.7815037
5.966827999
5.992308672
5.3415626
5.470505022
5.759215126
6.932005834
6.033486267
7.916068271
7.099106561
6.972269008
6.436105099
6.443884888
6.447920227
6.452846558
6.452762451
6.4412052
6.81870417
7.432012455
5.352203857
5.241267212
5.637312631
5.806494453
5.183359485
6.080494885
5.503616048
5.233832139
5.587987585
5.579769925
5.446002632
5.498436951
5.661405583
6.183762277
6.038332718
5.848246351
5.79094397
5.745363159
5.701470703
5.627058105
5.579998291
5.567078125
5.633337708
4.749369995
5.094657794
4.99408023
4.407986461
4.868005613
5.843799014
5.003286263
4.983187093
4.264376829
5.258448339
4.630069105
4.737044528
5.706091865
6.748376566
6.668478186
6.703164998
6.202327539
6.163055847
6.207528137
6.240153381
6.315390076
6.281128784
6.322714783
8.528048985
6.802820467
6.362121126
5.89870005
5.947652708
5.747074194
5.504621698
5.244307834
4.855881592
5.052948385
6.107912576
4.612626831
5.2836623
5.988416226
5.837726186
6.54043469
6.565496859
6.477546396
6.196706421
6.243978088
6.303328918
6.319256104
6.313283508
6.363383423
6.410341919
9.031753988
7.774235755
6.047193386
5.031920147
5.504538396
4.972116089
5.096942078
5.030119629
5.097326406
5.131578419
4.918238961
5.079363403
6.411862211
7.531061153
8.303258729
6.92024938
7.38989127
6.808636963
6.896366699
6.807520813
6.665520813
6.590492065
6.5431922
7.600375254
12.0663149
8.608455022
6.921377048
5.87630125
4.626974023
4.528003723
5.081261075
5.014526516
5.137881097
4.924657969
4.865400024
6.210185361
6.475300959
6.893866987
6.320200234
6.947862217
7.199123755
7.113604718
7.230731384
7.260634864
7.286602844
7.192146912
7.227745426
7.141820435
7.995825606
6.960347574
5.892003574
6.032519613
4.943224946
5.008756942
6.462969951
5.413065373
4.959403334
4.794885986
5.174435599
6.048988179
6.40697076
7.307547421
7.39748897
7.629186491
8.13469674
7.471913229
7.075623352
7.258106812
7.46854718
7.610789551
7.832317749
7.931836548
7.483296045
7.019174725
5.925391147
4.499682983
4.54994251
5.788734774
6.177828688
5.175855717
5.679996665
5.353738879
5.710851725
6.042280663
6.295120184
6.62263766
6.894059609
7.169857271
7.425526208
7.011892429
7.214348945
7.098676959
6.996314941
7.066074463
7.106966858
8.40697366
6.102822662
6.087966305
5.438000896
5.183164734
5.690589389
5.443240467
5.994186697
5.660373179
5.557543581
5.356378856
5.03062569
5.061904183
6.489768704
6.085096887
6.846029276
6.068360657
6.382600516
7.241554262
6.273906433
6.252188293
6.244945251
6.254643616
6.255877014
6.236309753
5.215332886
6.284005724
5.635642095
4.881097673
4.723726259
4.999114745
5.966817786
4.822646808
4.79013025
5.152790383
4.782255667
4.6499953
5.503144422
5.690498099
6.175910628
6.292012326
6.039018188
6.180557495
6.247729553
6.29098822
6.337280762
6.3651521
6.407943542
7.651377364
7.432411966
8.094570144
5.806920966
4.630497986
4.654667542
4.779231445
4.932226379
4.98148938
5.38292434
4.852178589
5.198457261
5.252572784
6.235000718
6.633442886
6.704604146
6.867393328
6.732171509
6.969945129
7.060700073
7.056527588
7.04764093
7.051744141
7.090784485
7.125298584
6.094533997
8.97806344
8.044220056
5.881294856
5.530253948
6.203818477
6.55191788
6.165137558
6.142098054
5.92358787
6.381658741
5.87598962
6.564885088
7.948485629
8.657174592
7.913606106
7.229330784
7.410561083
7.067584839
7.04670874
7.075231323
7.118779419
7.153356873
7.233603943
8.469758355
7.992588172
5.567430359
4.559395029
4.174869155
4.772947973
4.971721252
5.207913635
5.260499207
5.46096759
5.719609562
6.041571553
7.163723367
8.317267125
8.219770833
8.178236955
8.183009331
8.147917424
7.475149536
7.563262695
7.555010986
7.607631897
7.665301025
7.677631192
11.69851797
9.616561034
7.618236317
6.520394558
6.427345155
6.774980051
7.411709353
6.289441454
7.194550067
6.070251221
6.601194748
6.316084208
7.149612486
7.045380351
7.292702591
7.62484502
6.991944323
7.215695668
6.888168884
6.872139404
6.831809326
6.821556885
6.78865509
6.768212036
6.852812457
7.459383223
6.091835491
5.879031256
5.372623474
5.323080383
5.354057739
6.21111149
5.94387204
5.945796505
5.434324694
5.461859314
6.978471974
7.487476654
8.376072795
7.233141867
6.630503296
6.762195435
6.813776855
6.861421021
6.885213379
6.907809692
6.948196106
6.980086182
7.283348248
7.676692479
7.817414433
6.598819936
5.840096741
6.226779681
6.539610551
7.010521246
6.392954297
7.223907184
6.156919133
6.096920543
7.388658037
6.6635
6.772942627
7.174332633
7.441823891
7.752229575
7.461955177
7.110885742
7.124844177
7.143467224
7.17294397
7.176854858
6.318609375
7.600151455
6.772933576
7.448116204
6.516597871
6.151430225
6.010397864
6.386668259
6.523338393
6.768089548
6.016415466
6.087769409
7.120236981
7.40292494
7.088097046
7.302342197
7.89040814
7.440383972
7.521145447
7.566768677
7.626592712
7.664749329
7.718713379
9.739344313
8.769178751
9.674644628
7.468908276
6.545800417
7.2887494
7.658400877
7.731023248
7.979315479
7.238412322
6.858423523
6.810179565
7.215077364
8.118741931
8.116012408
8.65658257
8.415990924
8.880568133
8.96224967
8.638964409
8.346521851
8.34046051
8.333650879
8.400294861
8.418749573
9.715783412
8.7668015
9.473639035
7.529139628
7.171098236
7.645238883
7.327646238
7.52769196
7.882255913
7.809157681
7.652676072
7.59713996
8.668365474
9.303015756
8.781726188
9.114813003
8.416991188
8.185950562
7.904712341
7.775612427
7.693637817
7.717235676
7.623155701
7.552649719
8.613116405
12.31614609
8.754858286
6.813715279
6.396473896
7.142356009
6.563667655
6.608257885
5.991181335
6.336648721
6.239147405
6.277016342
6.93091738
7.681620038
7.070297858
7.45313865
7.252061203
7.38695435
6.852788147
6.874058594
6.895200806
6.927619568
6.982318176
7.100236816
7.306436308
9.823283806
7.240906731
5.811852216
5.318465096
5.498741139
5.58560886
5.57064129
6.248751303
6.100608098
6.825856985
6.738120903
7.500405155
7.096623413
7.949563844
7.398342468
7.502389465
8.110847302
7.630656616
7.67912085
7.666594788
7.627484192
7.606180908
8.435587457
9.262055817
8.68839829
9.693704977
7.070464509
6.783713403
6.055010373
6.880155114
6.394213036
6.653459248
6.308408076
6.30852034
6.580856344
7.05497859
8.309628127
7.830369867
7.924547826
7.431441704
7.365747253
7.416211975
7.434216675
7.412567322
7.390450134
7.384379456
7.382784485
6.489485596
7.15204914
8.07697876
6.269642493
6.284379469
6.416736599
6.055166725
6.896209267
6.633183501
6.952723505
6.235930475
6.559454264
6.807316179
7.583652678
8.024120636
6.85487953
6.941983077
7.60001414
6.589807922
6.579425476
6.535737915
6.53063562
6.543997803
6.514604858
5.597272125
6.884743274
5.609323683
5.816427957
4.02003418
3.947707396
5.446874462
5.790467813
4.764615723
5.224963768
5.356559317
5.01936264
5.698124939
7.167730309
6.125289167
6.381839865
6.435346354
6.173020142
6.148874939
6.076940063
6.053128662
6.190424866
6.339233459
6.595608129
8.514343113
7.07161257
5.6598863
5.222503779
4.636917344
5.532772205
5.150454512
5.819721453
4.999669686
5.544542939
5.541335759
5.271996947
6.688417157
6.601217248
6.124760146
5.946783573
6.983875626
6.36415194
6.392908264
6.425745483
6.426905762
6.4640896
6.432262573
7.191992508
8.063215256
6.710486806
5.584162063
5.194752577
4.571271973
4.591703015
5.320746417
5.371501581
5.062867648
6.110498712
5.392144178
6.12719274
6.415125638
5.92453506
6.98004018
6.040220032
7.214904792
6.270343226
6.007307861
5.938630554
5.923898621
6.001618042
5.929438904
9.184243173
7.691719465
5.984418865
5.227143018
3.863857666
3.652503662
4.309838745
4.491353638
4.459347107
4.748684033
4.969935108
4.83458416
4.753536285
6.214810337
6.216717402
6.265112662
7.92532456
7.574964266
7.642086141
6.711759888
6.735978882
6.657700073
6.612281006
6.628296631
6.616072144
8.678801142
7.125759581
6.28727906
5.233727417
5.294432922
5.62105011
5.919921033
5.693338791
5.623599733
6.15470952
5.890957524
6.862229604
7.467405927
7.595953237
7.038650442
7.039445848
7.131483045
7.361323945
7.153014954
7.173216675
7.171155457
7.185683655
7.22409141
8.28343525
12.56467206
6.826416804
7.156032006
4.537873671
4.476603362
5.378764841
5.182891354
5.616474239
5.250942017
5.529519836
6.157367798
6.222246817
6.998818959
7.383756689
7.284450264
8.16502104
7.941083997
7.691598692
