4.03
4.1
4.64
5.3
5.58
78.13
92.44
91.59
90.75
89.33
84.93
80.03
77.62
76.2
76.86
79.59
25.06
3.12
3.74
4.35
4.76
5.19
5.36
5.52
5.8
6.12
6.6
6.88
7.27
86.39
100.72
99.57
99.04
96.18
90.83
88.57
86.55
85.88
87.01
87.98
22.46
3.42
5.19
5.63
6.16
6.52
7.09
7.67
8.34
8.9
9.3
9.56
9.93
93.32
109.28
107.87
107.45
104.8
97.95
95.07
93.04
92.11
92.42
93.35
94.06
94.49
94.35
93.71
93.33
92.95
25.15
6.59
7.42
7.81
8.12
8.36
8.55
85.66
102.93
103.33
101.91
97.62
95.44
89.32
86.37
82.8
82.33
83.85
89.31
90.93
93.89
94.45
95.0
96.33
24.05
6.8
7.99
8.34
8.8
8.97
9.08
87.63
98.83
99.17
99.92
93.85
91.68
87.54
81.57
76.2
76.83
83.23
88.32
90.69
91.65
92.73
92.66
95.48
24.49
7.5
9.11
9.72
10.71
11.26
11.36
98.75
117.98
120.2
120.32
114.0
107.89
102.2
101.11
94.9
92.82
93.9
96.87
97.34
96.9
95.99
95.1
94.08
24.25
6.64
7.57
7.76
7.97
7.86
7.64
74.45
89.41
85.51
82.3
80.03
72.64
70.99
69.34
69.83
69.45
69.4
68.92
69.05
68.07
67.58
67.87
68.71
22.44
4.54
4.81
4.99
5.18
5.3
5.55
61.62
79.05
78.21
77.99
74.33
71.13
68.12
63.87
58.9
58.04
60.69
21.04
4.41
4.56
4.69
4.9
5.03
5.11
5.1
5.08
5.27
5.56
5.47
5.33
54.79
76.48
77.36
75.76
71.78
63.51
60.86
58.32
58.23
59.83
61.06
20.25
2.32
3.02
3.25
3.37
3.51
3.69
3.78
3.99
4.1
4.2
4.25
4.44
54.99
73.05
70.68
70.42
70.28
65.28
62.1
61.35
61.0
62.6
63.89
64.63
64.64
64.13
67.46
69.24
67.33
22.41
4.22
4.37
4.44
4.48
5.03
5.36
69.74
83.55
81.39
78.48
73.36
70.87
68.09
66.3
56.44
55.71
59.65
63.48
64.04
63.26
62.44
61.52
59.8
20.84
3.39
2.61
2.57
2.57
2.45
2.5
45.28
60.72
59.83
60.82
58.59
56.8
53.68
51.25
48.09
45.0
47.88
53.26
55.8
56.15
55.45
56.49
56.53
19.16
2.03
2.03
2.05
2.04
2.08
2.28
46.09
65.93
64.42
63.71
58.83
56.19
51.42
48.6
46.04
45.24
46.32
50.74
53.29
56.95
59.26
61.63
62.41
20.34
2.44
2.5
2.67
2.95
2.96
3.02
56.76
71.08
70.03
69.28
60.93
55.09
51.07
49.97
45.64
43.3
44.58
51.7
56.77
67.21
71.9
73.85
75.67
25.0
4.76
3.92
3.47
3.54
3.64
3.89
64.09
82.27
81.34
81.24
80.41
78.34
76.38
74.72
73.59
71.88
72.4
25.8
5.21
5.3
5.36
5.62
5.76
5.79
5.81
6.0
6.1
6.27
6.62
6.77
79.48
94.84
93.0
91.56
89.64
87.3
85.49
82.47
79.65
78.67
76.73
26.18
3.07
3.6
3.85
4.04
4.22
4.42
4.52
4.62
4.67
4.79
4.84
5.12
62.87
81.94
80.44
79.74
78.47
76.46
72.67
70.5
69.64
69.87
70.1
70.59
70.51
70.19
69.84
69.8
69.75
24.92
4.32
4.24
4.25
4.13
4.15
4.23
60.93
76.16
74.75
74.11
72.77
70.71
68.5
65.52
63.16
61.78
63.35
67.9
69.88
71.42
71.79
72.36
72.77
25.63
4.63
4.64
4.73
4.72
4.78
4.93
67.87
83.37
82.14
81.64
81.07
79.66
77.52
74.74
72.72
72.47
72.71
73.59
73.85
74.75
75.59
75.15
75.42
25.21
5.15
5.46
5.66
5.72
5.8
5.88
73.47
88.21
85.52
84.25
80.85
76.35
73.96
72.26
72.05
72.83
73.6
76.14
76.97
76.56
76.34
76.12
75.33
26.34
4.75
4.7
4.83
4.9
4.94
35.0
65.05
78.88
76.84
76.59
76.03
74.05
70.55
69.22
67.69
66.39
66.87
70.69
72.0
74.04
74.43
74.81
74.73
22.18
4.89
4.94
5.16
5.32
5.44
5.52
69.21
83.96
82.02
81.68
80.82
79.54
78.5
75.96
71.61
70.01
70.54
24.1
4.87
4.94
5.03
5.32
5.45
5.49
5.49
5.54
5.61
5.78
5.92
6.22
74.14
90.4
90.85
91.05
91.16
89.81
88.88
89.37
89.76
90.08
90.77
33.65
5.14
6.77
7.56
8.48
9.29
9.78
10.31
11.21
11.93
13.08
13.88
15.12
115.86
132.56
130.91
124.1
102.08
107.51
104.24
100.33
93.48
91.91
92.89
94.94
98.73
99.56
99.3
99.04
98.97
24.35
7.44
8.51
8.87
9.43
9.84
9.96
96.41
113.86
112.31
104.87
105.09
102.87
95.87
91.78
89.78
85.17
83.21
86.75
91.26
94.77
95.62
95.5
61.96
28.41
6.79
7.98
8.2
8.69
8.88
49.97
91.06
105.37
105.69
98.47
98.16
96.3
92.6
87.85
83.38
80.52
81.18
83.13
84.46
84.8
84.62
84.64
84.65
22.37
5.52
6.01
6.44
6.78
7.13
7.43
80.55
95.33
94.21
91.43
87.29
88.18
85.5
80.94
77.08
73.35
72.96
76.72
81.31
84.55
86.79
88.73
88.16
27.2
5.94
6.63
7.2
7.81
8.07
8.51
89.87
103.55
99.2
93.32
93.12
90.47
86.08
82.81
80.1
79.4
79.35
79.5
79.44
78.1
77.5
77.65
51.16
24.66
4.79
4.84
4.99
5.09
5.13
5.15
64.69
78.51
75.57
73.96
70.29
68.62
64.59
61.61
60.09
58.01
56.77
20.41
3.64
3.67
3.75
3.82
3.85
3.86
3.79
3.68
3.72
3.81
4.06
4.23
51.79
70.86
69.85
67.02
67.3
65.09
62.91
61.94
62.44
63.24
63.04
22.59
2.13
2.03
2.06
2.19
2.31
2.37
2.44
2.59
2.59
2.58
2.61
2.64
45.35
62.43
64.91
64.03
61.74
58.77
58.54
57.54
56.91
56.42
56.26
56.62
56.92
56.52
56.93
57.69
58.06
23.14
2.95
4.35
5.87
7.27
8.56
9.17
112.44
126.85
125.68
119.72
116.66
109.95
102.4
97.03
92.42
87.79
87.23
91.23
96.28
99.77
101.08
102.39
102.85
26.56
7.72
8.82
9.52
10.36
10.98
11.9
114.12
127.0
126.09
118.67
114.39
106.75
102.31
98.82
92.16
88.49
88.35
88.98
90.2
89.89
89.0
89.75
89.53
27.43
5.82
6.28
6.88
7.18
7.46
44.59
81.72
98.75
98.59
94.65
92.5
85.17
80.7
77.01
73.56
70.88
71.04
74.03
77.97
82.9
87.02
89.0
89.66
27.92
6.13
6.68
7.18
7.99
8.51
8.66
91.2
107.07
104.82
100.06
92.78
86.22
80.42
76.92
73.19
70.15
69.06
71.58
76.43
80.47
83.39
84.14
84.94
25.6
5.4
5.49
5.9
6.14
6.52
6.79
75.83
91.53
89.38
87.87
86.64
82.11
77.41
72.25
67.16
64.66
65.09
21.79
4.5
4.64
4.68
4.79
4.9
5.05
5.11
5.21
5.44
5.64
5.76
6.0
69.54
86.88
84.97
82.47
81.08
78.42
74.56
71.37
69.59
68.42
68.05
20.36
2.62
3.9
4.25
4.48
5.02
5.44
6.0
6.24
6.6
6.94
7.36
7.45
78.72
98.06
97.07
93.67
88.7
87.05
82.07
77.95
77.2
81.99
83.94
82.18
81.74
81.27
81.46
81.25
81.04
26.37
5.17
5.67
5.87
6.05
6.72
7.07
77.25
96.02
93.43
91.51
89.45
86.15
80.22
77.18
66.13
60.23
60.25
63.68
66.16
67.25
67.8
69.49
71.66
21.07
4.77
4.82
5.01
5.14
5.15
35.56
65.97
81.69
80.23
75.44
73.91
68.58
58.65
52.48
47.07
45.23
45.26
44.99
49.31
57.78
60.74
61.88
62.59
20.06
3.93
3.33
3.24
3.3
3.53
3.67
59.0
73.2
71.98
70.67
68.46
60.05
54.84
52.97
49.52
43.94
42.67
46.48
48.74
54.53
57.38
59.01
58.64
20.04
2.25
2.31
2.79
3.27
3.34
3.22
60.19
74.4
73.75
70.99
68.68
63.11
59.14
59.11
56.97
52.55
49.65
46.97
48.85
51.06
50.0
47.12
46.95
15.79
1.82
1.87
1.88
1.91
1.95
22.85
43.75
58.02
57.54
55.52
52.08
50.9
44.26
39.15
34.23
27.77
28.66
10.45
1.25
1.29
1.33
1.41
1.48
1.55
1.73
1.87
1.94
2.04
2.09
2.11
49.16
65.63
64.42
63.06
60.79
58.2
55.66
53.92
53.38
50.36
49.04
18.79
1.83
1.9
1.94
2.02
2.11
2.17
2.23
2.34
2.39
2.47
2.54
2.63
63.08
87.67
88.86
85.14
84.39
78.72
73.64
69.45
67.91
64.51
64.39
67.41
70.08
74.02
75.39
77.71
79.58
23.44
5.23
5.02
4.69
4.99
5.43
5.94
85.63
99.74
98.79
91.68
84.53
78.19
72.1
67.23
61.97
54.54
53.22
56.75
61.31
67.06
69.91
72.78
75.4
24.23
5.16
5.24
5.17
5.31
5.5
5.73
80.2
95.14
96.05
89.93
80.27
71.08
65.56
60.25
54.72
50.62
49.31
51.91
55.33
61.7
65.32
67.54
69.63
20.83
4.86
5.0
4.91
4.53
4.21
4.39
69.72
83.28
83.07
79.89
74.01
70.16
68.03
64.62
59.87
56.25
55.87
56.6
59.34
64.91
66.71
67.65
69.63
25.63
4.72
4.22
3.84
3.87
4.06
4.1
67.31
81.18
79.63
78.6
76.9
73.46
70.95
68.19
64.51
60.49
59.38
60.71
61.67
64.76
67.86
70.1
71.45
22.57
4.88
4.84
4.74
4.47
4.33
4.39
64.63
78.46
76.93
74.21
69.6
63.82
60.89
63.97
65.2
58.78
56.14
18.59
4.0
4.29
4.5
4.53
4.6
4.56
4.21
3.9
3.52
3.2
3.2
3.15
48.74
67.39
65.86
64.25
63.08
58.89
58.78
56.77
52.88
51.46
54.12
19.06
2.12
2.4
2.46
2.49
2.5
2.56
2.66
3.85
4.13
4.22
4.43
4.73
73.78
94.86
94.05
91.29
85.09
77.43
73.91
72.86
70.49
66.97
66.77
69.27
72.14
76.46
78.76
80.27
80.61
29.05
5.04
5.01
4.88
4.89
5.14
5.47
77.21
92.69
87.13
80.4
77.84
73.62
69.67
65.65
62.42
60.11
58.16
55.63
55.63
59.96
61.09
61.92
63.48
19.54
4.12
3.73
3.92
4.34
4.85
5.06
75.93
90.47
87.65
85.59
82.75
76.29
73.18
68.15
67.06
64.18
61.56
65.8
70.18
71.99
73.57
75.59
76.49
26.43
4.86
4.86
4.89
4.9
5.06
5.19
72.22
87.84
88.82
82.69
81.37
79.32
72.97
71.12
70.32
66.03
62.85
61.99
67.63
73.38
75.86
77.32
78.24
24.42
5.19
5.36
5.46
5.8
6.11
6.52
83.21
97.87
95.92
93.65
90.85
86.21
81.89
80.73
71.15
60.62
58.81
62.54
64.97
68.27
68.55
68.2
68.34
22.7
4.48
4.5
4.52
4.5
4.38
4.31
60.53
75.81
74.27
72.38
69.96
66.8
63.04
57.81
54.01
52.13
51.44
17.62
3.46
3.57
3.61
3.69
3.85
3.92
3.94
3.43
3.38
3.68
3.75
3.93
60.01
78.16
72.37
56.28
68.93
67.01
63.62
59.98
54.22
49.23
49.89
18.84
1.89
1.93
2.01
2.11
2.21
2.25
2.27
2.34
2.38
2.46
2.54
2.82
55.51
77.86
74.11
73.64
72.46
68.91
64.39
57.59
51.72
47.12
47.02
49.51
51.56
55.2
56.99
59.01
59.71
15.82
1.99
1.98
2.01
2.03
2.05
2.13
49.21
67.09
65.69
64.22
62.15
58.18
54.22
51.62
48.48
46.03
45.59
45.43
46.07
46.16
45.65
45.74
46.36
13.53
1.74
1.78
1.79
1.83
1.84
1.84
41.8
54.43
53.06
52.13
50.74
47.68
44.56
41.94
40.02
38.64
38.78
39.82
40.45
41.18
41.14
41.01
40.12
13.29
1.37
1.35
1.37
1.48
1.55
1.55
35.76
50.28
54.02
49.49
49.92
48.28
44.85
44.25
42.14
40.54
39.38
38.39
41.35
45.74
48.14
49.51
50.64
14.03
1.78
1.8
1.81
1.86
1.9
1.99
46.02
64.1
60.63
57.03
56.68
53.43
50.59
47.79
43.87
39.73
41.77
45.87
50.5
56.67
57.51
57.91
58.65
17.29
2.17
2.38
2.49
2.66
2.67
2.7
65.74
84.05
79.53
73.46
74.02
71.97
70.01
67.79
64.37
61.18
60.81
21.04
4.57
4.79
5.0
5.22
5.33
5.43
5.44
5.77
5.77
5.74
5.97
6.21
85.99
101.28
96.0
86.58
77.75
67.61
60.56
59.58
56.9
50.73
48.57
17.41
1.91
2.08
2.2
2.3
2.43
2.49
2.51
2.45
2.44
2.42
2.43
2.44
56.29
73.93
71.33
71.68
70.77
68.29
63.46
60.76
56.44
49.95
48.61
49.06
49.72
53.28
54.89
55.73
56.62
17.54
2.03
2.03
2.04
2.0
2.0
2.07
47.67
64.87
63.92
60.15
59.93
56.02
51.53
47.42
45.87
42.9
42.43
43.63
45.01
45.95
45.76
44.68
44.39
14.69
1.62
1.73
1.77
1.81
1.81
1.8
41.08
54.62
53.91
52.74
48.54
44.1
42.77
41.49
36.7
35.3
36.19
38.68
43.85
46.99
47.11
47.23
47.92
15.79
1.7
1.7
1.71
1.73
1.77
1.8
42.73
54.68
51.61
47.34
46.59
43.03
39.88
39.83
40.55
36.05
35.55
37.92
39.05
40.93
41.72
41.9
42.53
12.54
1.46
1.49
1.5
1.51
1.55
19.25
36.95
48.3
43.95
43.36
41.23
37.95
33.86
31.02
29.97
31.61
33.3
34.37
34.72
35.81
36.79
36.2
36.38
12.59
1.17
1.15
1.12
1.06
1.21
1.37
31.21
45.43
46.36
45.17
41.54
37.84
35.75
34.17
33.8
34.79
34.81
8.75
1.4
1.46
1.69
1.84
2.72
2.33
2.01
2.04
2.13
2.17
2.15
2.16
56.39
69.81
65.06
59.77
54.23
54.46
53.42
50.25
47.08
45.77
46.42
17.57
1.93
1.98
1.99
2.03
2.09
2.2
2.31
2.4
2.41
2.39
2.41
2.41
62.08
77.64
72.68
72.06
69.66
65.63
61.67
58.99
53.84
48.14
47.34
45.92
47.04
52.95
58.29
60.42
62.09
16.41
2.2
2.26
2.28
2.27
2.23
2.27
57.91
71.95
69.78
66.95
64.0
57.56
51.96
50.15
45.34
39.68
38.48
39.32
41.17
46.46
49.94
50.94
51.8
13.26
1.84
1.84
1.84
1.88
1.91
23.39
44.88
59.59
58.0
55.64
52.92
48.4
44.94
43.27
41.33
41.23
41.63
43.63
45.59
48.71
50.0
50.74
51.68
13.71
1.86
1.92
1.94
1.99
2.09
2.18
55.86
68.13
65.65
62.42
59.58
53.5
49.43
46.06
44.03
44.09
44.87
47.14
48.39
51.99
53.88
54.92
55.71
15.13
2.0
2.04
2.05
2.04
2.06
26.77
51.47
62.83
58.33
56.74
54.61
52.36
50.15
45.32
39.54
39.64
41.23
44.2
45.26
48.19
48.18
46.89
46.75
14.33
1.68
1.96
2.16
2.4
2.43
2.47
63.61
78.3
77.79
75.13
71.3
66.01
64.17
63.37
59.41
56.25
56.25
19.79
4.44
4.64
4.8
4.9
5.06
5.11
5.32
4.99
4.55
4.8
5.15
5.59
85.05
100.44
93.23
86.72
78.78
73.38
71.14
68.77
63.0
57.33
57.48
21.1
2.09
2.24
2.36
2.41
2.49
2.56
2.62
2.7
2.86
3.05
3.51
3.82
78.38
92.69
90.66
87.87
84.3
81.34
78.73
75.85
73.78
72.7
71.92
72.42
73.02
72.42
67.34
63.04
61.68
21.13
2.37
2.08
2.08
2.11
2.16
2.28
47.29
68.69
60.56
58.65
56.79
54.75
53.67
52.85
50.26
53.17
55.9
59.21
61.83
66.33
67.06
66.72
66.72
24.08
2.54
2.33
2.35
2.37
2.35
2.33
56.78
70.17
64.34
57.92
54.23
49.85
47.04
45.35
44.24
42.99
38.84
35.97
33.73
34.13
38.02
41.47
44.8
14.07
1.64
1.71
1.74
1.81
1.85
1.9
44.57
58.66
57.42
54.48
52.16
50.55
48.12
48.24
44.53
40.09
39.45
39.8
42.88
49.37
54.71
56.98
58.77
15.06
2.14
2.21
2.24
2.29
2.4
33.22
64.04
76.34
74.67
72.36
69.49
65.3
62.47
61.02
60.17
59.41
59.76
62.62
65.19
68.97
70.12
70.83
71.52
23.46
4.76
3.38
3.29
3.4
3.52
3.67
70.27
83.49
81.59
77.57
72.75
68.83
64.58
62.03
60.08
59.56
60.79
19.17
4.77
4.9
4.97
5.0
5.03
5.02
4.89
4.91
4.83
4.6
4.75
71.63
90.53
87.02
76.77
69.69
58.91
53.34
52.24
51.37
48.01
41.7
14.06
1.48
1.61
1.84
1.97
2.12
2.2
2.28
2.42
2.55
2.62
2.77
2.99
80.75
93.67
87.29
76.49
66.59
54.97
47.41
43.71
40.54
33.11
26.78
23.6
23.85
27.55
34.14
40.34
46.0
14.33
1.79
1.85
2.02
2.13
2.18
2.21
57.92
71.02
66.52
58.49
50.79
40.83
33.95
28.27
21.0
16.15
11.67
10.38
10.4
13.55
21.17
28.91
32.65
11.46
1.3
1.37
1.43
1.5
1.59
1.61
40.01
53.82
49.55
46.66
40.82
35.79
32.02
28.49
25.09
21.04
19.07
18.45
20.04
24.87
28.79
32.62
35.91
10.8
1.33
1.29
1.35
1.39
1.43
1.49
36.32
49.66
46.57
42.67
35.25
23.75
17.33
14.44
12.91
14.39
13.9
10.64
12.64
16.83
20.43
26.6
28.82
9.74
1.17
1.22
1.27
1.29
1.26
1.26
32.69
42.72
40.13
34.71
29.69
20.29
13.81
9.24
7.51
5.73
3.97
3.54
3.54
4.05
6.29
11.46
15.87
6.71
0.84
0.84
0.83
0.86
0.96
1.04
23.47
36.46
31.14
26.29
12.94
6.56
3.44
2.21
1.17
0.87
0.71
0.32
0.02
0.06
0.15
0.3
0.4
0.51
0.62
0.73
0.78
0.85
0.96
1.06
28.15
35.59
30.22
20.37
12.43
7.88
6.24
3.87
1.91
1.21
0.51
0.12
0.0
0.0
0.02
0.23
0.4
0.54
0.69
0.77
0.85
0.92
1.02
1.12
34.97
40.23
34.19
22.37
13.94
9.83
7.67
5.79
4.26
3.12
2.6
2.43
2.91
4.21
5.92
10.26
14.45
5.1
0.87
0.98
1.19
1.29
1.46
1.57
42.41
49.15
42.52
26.39
18.66
13.46
10.52
8.77
8.82
8.2
7.37
6.28
6.12
7.44
12.93
21.86
28.82
9.44
1.46
1.49
1.47
1.44
1.38
1.37
33.42
41.53
35.64
30.07
29.16
23.02
20.08
14.85
14.24
12.76
11.22
9.6
11.3
14.44
16.7
29.47
34.29
10.21
1.36
1.44
1.54
1.59
1.6
1.68
45.19
52.12
46.29
39.33
37.57
31.64
27.57
23.69
17.0
17.25
18.6
21.27
24.64
31.11
35.76
38.97
40.93
8.19
1.59
1.64
1.71
1.7
1.68
1.66
43.09
51.53
51.38
49.1
45.3
39.17
33.29
28.25
29.27
25.17
24.2
23.55
28.88
33.17
35.18
42.52
45.5
11.35
1.79
1.86
1.86
1.89
1.98
1.99
49.42
61.44
54.59
48.69
39.07
31.31
29.08
30.18
28.49
20.06
20.32
5.59
1.06
1.04
1.09
1.32
1.38
1.46
1.56
1.64
1.75
1.8
1.83
1.9
51.77
62.26
61.11
56.12
49.7
41.94
38.2
34.92
32.42
27.78
28.53
10.48
1.4
1.5
1.59
1.69
1.73
1.76
1.8
1.87
1.89
1.91
1.92
1.91
49.61
62.04
57.59
56.9
53.77
49.29
43.68
37.83
33.41
28.23
26.04
9.53
1.36
1.26
1.4
1.55
1.65
1.72
1.78
1.81
1.93
1.96
2.0
2.1
61.23
72.98
69.58
63.68
55.42
49.05
40.99
36.65
40.36
37.5
33.67
33.56
33.04
35.06
41.72
48.16
53.63
12.16
2.08
2.2
2.32
2.4
2.43
2.46
67.19
80.54
74.84
63.43
52.67
42.5
37.22
37.74
42.96
42.32
39.99
42.49
49.59
53.67
58.5
60.66
62.11
13.54
2.35
2.4
2.42
2.49
2.55
2.59
68.61
83.01
75.99
66.95
59.47
50.85
45.32
41.37
40.47
36.37
34.18
36.77
38.29
44.03
51.01
54.7
56.77
11.7
2.09
2.1
2.15
2.18
2.13
2.1
50.68
63.71
62.82
59.61
51.77
49.08
45.48
43.42
44.87
39.02
34.12
12.07
1.32
1.4
1.42
1.52
1.62
1.67
1.79
1.96
2.08
2.15
2.23
2.37
64.89
76.93
72.81
68.32
64.62
58.2
51.71
44.76
39.36
33.61
31.16
9.53
1.38
1.5
1.58
2.05
3.73
2.88
2.0
2.03
2.11
2.17
2.24
2.26
58.18
69.56
61.46
57.96
53.31
48.99
44.94
41.35
33.03
29.24
28.63
10.12
1.1
1.17
1.38
1.54
1.6
1.67
1.71
1.73
1.78
1.81
1.89
1.99
50.27
69.14
63.43
57.11
46.58
38.79
33.61
31.78
32.34
29.58
28.51
10.5
1.0
1.11
1.29
1.51
1.62
1.64
1.65
1.69
1.72
1.73
1.75
1.78
47.68
61.53
58.89
56.45
53.55
49.48
44.04
38.59
34.09
29.87
24.75
20.53
19.96
24.57
32.01
37.95
41.88
13.69
1.52
1.55
1.6
1.69
1.78
1.78
44.2
56.12
53.52
50.02
46.39
42.04
36.08
31.1
29.77
32.11
29.4
26.5
28.09
31.06
34.53
37.89
39.15
11.64
1.42
1.48
1.52
1.55
1.58
1.68
46.43
57.92
51.91
48.72
43.59
25.61
21.51
19.36
18.19
11.91
9.65
8.55
7.86
10.94
14.73
20.02
27.59
7.07
1.04
1.11
1.19
1.24
1.26
1.29
31.25
38.43
32.43
33.07
24.51
15.81
8.42
3.73
1.76
0.55
0.27
0.04
0.0
0.1
1.3
3.31
8.26
4.15
0.56
0.64
0.78
0.84
0.88
0.93
21.58
24.64
16.92
9.78
5.94
3.56
2.16
0.67
0.11
0.04
0.02
0.01
0.0
0.0
0.0
0.0
0.04
0.28
0.23
0.25
0.32
0.45
0.51
0.54
15.92
16.48
15.01
12.74
10.24
7.99
7.97
8.17
5.61
5.63
6.57
1.23
0.0
0.0
0.0
0.19
0.32
0.34
0.4
0.43
0.48
0.55
0.58
0.59
17.61
22.46
20.08
14.3
10.43
7.51
6.82
6.41
4.32
3.78
4.67
5.04
5.05
4.96
4.82
7.48
10.56
3.83
0.46
0.49
0.54
0.57
0.6
0.69
21.05
27.43
25.88
20.74
15.84
12.66
12.47
17.2
15.28
11.72
11.55
8.73
9.61
12.84
17.95
21.98
25.54
7.38
1.15
1.15
1.16
1.17
1.18
15.63
30.07
37.29
33.73
29.05
24.17
14.72
14.92
20.99
20.24
17.29
15.95
11.1
13.44
16.85
23.34
28.15
30.28
9.42
1.21
1.18
1.09
1.04
1.01
1.04
23.33
34.11
32.82
27.92
23.18
14.25
13.33
14.01
7.73
5.41
4.49
3.02
2.38
2.13
2.94
4.8
9.26
3.93
0.69
0.79
1.0
1.12
1.24
1.38
34.5
40.69
38.1
33.14
27.79
18.54
19.73
16.18
10.53
6.38
4.63
3.44
3.1
3.26
4.46
6.94
12.47
3.7
0.9
0.97
1.09
1.2
1.31
1.36
37.24
37.92
24.21
14.71
9.79
5.9
3.91
2.67
1.88
1.32
0.38
0.03
0.0
0.0
0.0
0.0
0.12
0.28
0.39
0.5
0.62
0.75
0.83
0.9
26.14
23.06
16.55
9.12
5.91
3.45
2.46
1.79
1.42
1.2
0.98
0.35
0.0
0.0
0.0
0.0
0.0
0.01
0.18
0.31
0.41
0.5
0.61
0.7
26.9
24.76
18.26
11.76
7.67
5.81
5.02
4.11
3.04
2.53
2.11
1.67
1.67
1.78
2.24
3.17
4.3
1.04
0.13
0.23
0.29
0.35
0.41
0.49
17.63
16.78
11.19
7.45
4.04
3.12
2.7
2.07
1.49
1.1
0.85
0.71
0.78
1.1
1.57
2.3
3.02
1.26
0.0
0.0
0.01
0.13
0.2
0.27
14.04
15.62
10.96
9.8
6.59
4.94
3.84
2.99
2.57
2.2
1.99
2.2
2.29
2.57
2.76
3.22
3.95
1.12
0.0
0.01
0.11
0.16
0.19
0.24
8.82
10.79
8.46
7.75
5.76
4.16
3.31
2.67
1.89
1.83
2.29
2.76
2.95
3.37
4.31
5.93
8.34
2.6
0.27
0.32
0.37
0.41
0.46
0.48
16.33
19.68
16.07
13.26
9.49
7.15
7.58
8.64
8.53
6.76
7.36
6.11
4.69
5.05
6.51
10.55
12.96
3.43
0.72
0.75
0.81
0.88
0.92
0.99
22.18
26.33
21.65
14.82
11.02
7.67
7.02
3.58
1.49
0.45
0.07
0.01
0.0
0.0
0.0
0.0
0.0
0.0
0.0
0.17
0.45
0.71
0.97
1.12
36.88
32.11
23.1
14.87
8.92
5.97
5.19
4.76
4.61
4.25
4.38
0.89
0.0
0.0
0.0
0.03
0.37
0.5
0.56
0.58
0.64
0.67
0.74
0.81
28.97
32.65
29.33
23.05
16.59
10.03
6.88
6.47
7.97
6.54
5.85
5.55
6.13
8.28
10.32
15.01
20.78
5.58
1.0
1.13
1.17
1.19
1.29
1.34
33.53
27.98
26.64
18.95
15.57
10.31
6.35
5.5
4.96
3.92
3.23
3.0
3.03
3.25
3.59
4.71
8.83
2.5
0.44
0.53
0.6
0.66
0.74
0.75
16.08
16.66
11.24
9.8
6.94
4.69
4.46
4.0
2.42
4.02
4.5
4.3
3.85
3.63
4.03
6.03
9.99
3.79
0.6
0.66
0.69
0.71
0.76
0.84
20.06
18.95
15.89
11.18
8.52
5.57
4.1
3.56
2.98
2.82
2.28
1.95
1.87
1.67
1.75
2.62
3.84
1.75
0.24
0.37
0.4
0.52
0.66
0.74
20.66
18.69
10.95
6.46
3.74
2.63
1.46
0.61
0.24
0.28
0.96
1.83
1.52
2.55
2.85
3.04
3.71
1.43
0.0
0.0
0.0
0.0
0.02
0.02
3.23
7.13
6.35
4.11
2.91
2.37
1.85
1.55
1.17
1.29
2.11
0.69
0.0
0.0
0.0
0.0
0.0
0.0
0.06
0.15
0.24
0.31
0.4
0.47
17.91
17.12
12.25
9.9
5.8
3.77
3.14
2.61
2.01
1.92
2.1
0.86
0.0
0.0
0.0
0.0
0.0
0.0
0.0
0.0
0.0
0.0
0.0
0.0
5.18
7.68
5.32
3.06
1.8
0.62
0.09
0.02
0.0
0.0
0.0
0.0
0.0
0.0
0.0
0.0
0.0
0.0
0.0
0.0
0.0
0.0
0.0
0.0
1.37
2.98
2.69
2.13
0.98
0.07
0.01
0.0
0.0
0.0
0.0
0.0
0.0
0.0
0.0
0.0
0.0
0.0
0.0
0.0
0.0
0.0
0.0
0.0
0.57
1.82
1.56
1.23
0.71
0.08
0.07
0.92
1.82
1.73
1.47
1.23
0.97
0.71
0.46
0.66
1.22
0.38
0.0
0.0
0.0
0.0
0.0
0.0
1.22
2.62
2.4
2.04
1.75
1.43
0.93
0.19
0.04
0.01
0.0
0.0
0.0
0.0
0.0
0.0
0.0
0.07
0.0
0.0
0.0
0.0
0.0
0.0
0.97
2.0
1.84
1.55
1.41
1.13
1.18
1.19
0.79
1.16
1.36
0.97
1.61
2.08
1.7
1.59
1.65
0.44
0.0
0.0
0.0
0.0
0.0
0.55
1.1
2.88
3.32
3.1
2.95
2.59
1.81
1.95
1.93
1.55
1.49
0.4
0.0
0.0
0.0
0.0
0.0
0.0
0.0
0.0
0.0
0.0
0.0
0.0
3.69
4.82
3.86
3.55
3.2
3.04
2.94
2.86
2.62
2.39
2.41
0.53
0.0
0.0
0.0
0.0
0.0
0.0
0.0
0.0
0.0
0.0
0.0
3.22
6.44
9.29
7.05
6.09
4.81
4.4
4.04
3.68
3.42
3.25
2.92
2.67
2.35
2.34
3.02
3.42
3.78
1.19
0.0
0.0
0.0
0.0
0.0
0.0
1.99
3.77
2.64
1.67
0.69
0.15
0.05
0.01
0.0
0.0
0.0
0.0
0.0
0.0
0.0
0.0
0.0
0.0
0.0
0.0
0.0
0.0
0.0
0.0
0.51
1.48
1.18
0.75
0.21
0.02
0.01
0.0
0.0
0.0
0.0
0.0
0.0
0.0
0.0
0.0
0.0
0.0
0.0
0.0
0.0
0.0
0.0
0.0
0.94
1.45
1.28
1.18
1.14
1.04
0.9
0.91
1.09
1.16
1.14
0.89
0.89
0.98
1.01
1.02
1.05
0.28
0.0
0.0
0.0
0.0
0.0
0.0
0.81
1.45
1.37
1.19
1.08
1.11
1.26
1.26
1.43
1.51
1.31
0.98
0.88
0.87
1.01
1.12
1.24
0.41
0.0
0.0
0.0
0.0
0.0
0.0
1.42
2.68
2.88
2.62
2.61
2.67
2.73
2.75
2.7
2.69
2.72
0.76
0.0
0.0
0.0
0.0
0.0
0.0
0.0
0.0
0.0
0.0
0.0
0.0
3.2
5.07
4.56
3.79
2.59
2.43
2.66
2.73
2.63
2.66
2.65
0.5
0.0
0.0
0.0
0.0
0.0
0.0
0.0
0.0
0.0
0.0
0.0
0.0
12.93
12.01
8.44
4.94
4.17
3.72
2.99
2.36
1.71
1.48
1.24
1.0
1.05
1.3
1.41
1.64
1.8
0.63
0.0
0.0
0.0
0.0
0.0
0.0
2.36
5.25
5.0
4.1
3.67
3.3
3.14
2.85
1.53
1.21
1.22
1.43
1.64
1.63
1.43
1.59
2.35
0.77
0.0
0.0
0.0
0.0
0.0
0.0
3.35
4.64
3.23
2.29
1.81
0.6
0.21
0.43
0.44
0.21
0.03
0.0
0.0
0.0
0.0
0.0
0.69
0.38
0.0
0.0
0.0
0.0
0.0
0.0
1.63
2.69
2.7
2.39
1.47
0.75
0.19
0.04
0.01
0.0
0.0
0.0
0.0
0.0
0.0
0.0
0.42
0.22
0.0
0.0
0.0
0.0
0.0
0.0
1.25
2.27
2.32
1.79
1.51
1.3
0.96
0.43
0.12
0.05
0.03
0.01
0.0
0.0
0.0
0.15
0.48
0.31
0.0
0.0
0.0
0.0
0.0
0.0
1.09
1.85
1.64
1.46
1.31
0.88
0.54
0.51
0.25
0.05
0.07
0.08
0.0
0.0
0.0
0.0
0.0
0.0
0.0
0.0
0.0
0.0
0.0
0.0
1.07
1.53
1.49
1.41
1.16
0.97
0.68
0.57
0.25
0.05
0.03
0.0
0.0
0.0
0.0
0.0
0.0
0.0
0.0
0.0
0.0
0.0
0.0
0.0
0.35
0.72
0.49
0.05
0.01
0.01
0.0
0.35
0.18
0.01
0.0
0.0
0.0
0.0
0.01
0.01
0.09
0.13
0.0
0.0
0.0
0.0
0.0
0.0
0.33
0.59
0.49
0.41
0.3
0.28
0.3
0.26
0.36
0.59
0.65
0.7
0.7
0.59
0.55
0.67
0.44
0.21
0.0
0.0
0.0
0.0
0.0
0.0
0.8
1.31
1.33
1.32
1.12
0.95
0.85
0.73
0.58
0.48
0.46
0.39
0.28
0.23
0.29
0.43
0.57
0.14
0.0
0.0
0.0
0.0
0.0
0.0
0.38
0.95
1.04
1.04
1.01
0.91
0.78
0.64
0.39
0.39
0.43
0.43
0.37
0.2
0.07
0.04
0.06
0.06
0.0
0.0
0.0
0.0
0.0
0.0
0.38
0.91
0.82
0.8
0.8
0.75
0.71
0.76
0.77
0.64
0.49
0.42
0.36
0.31
0.37
0.53
0.65
0.16
0.0
0.0
0.0
0.0
0.0
0.0
0.64
1.35
1.69
1.87
1.73
1.05
0.82
1.02
1.01
0.69
0.34
0.1
0.0
0.0
0.0
0.0
0.0
0.0
0.0
0.0
0.0
0.0
0.0
0.0
0.61
1.45
1.57
1.67
1.72
1.74
1.74
1.67
1.56
1.51
1.47
0.28
0.0
0.0
0.0
0.0
0.0
0.0
0.0
0.0
0.0
0.0
0.0
0.0
4.79
6.04
4.26
3.49
3.05
2.66
2.24
1.57
1.16
1.08
0.94
0.91
0.92
0.93
0.99
1.05
1.28
0.37
0.0
0.0
0.0
0.0
0.0
0.0
0.96
2.11
2.72
2.67
2.46
2.19
2.32
2.31
1.47
0.98
0.75
0.91
1.23
1.08
1.25
1.56
1.87
0.45
0.0
0.0
0.0
0.0
0.0
0.0
1.43
2.85
2.59
2.29
2.0
1.73
1.28
0.85
0.73
0.72
0.74
0.76
0.35
0.22
0.66
1.02
1.17
0.37
0.0
0.0
0.0
0.0
0.0
0.0
0.94
2.04
2.41
2.35
2.29
2.16
1.92
1.65
0.94
0.93
1.07
1.31
1.79
1.64
1.74
1.81
1.85
0.49
0.0
0.0
0.0
0.0
0.0
0.73
1.46
4.02
3.16
2.94
2.69
2.39
2.08
1.68
1.12
0.89
0.8
0.8
0.98
1.45
1.88
2.01
2.13
0.57
0.0
0.0
0.0
0.0
0.0
0.0
1.42
3.81
3.06
2.84
2.78
2.73
2.61
2.47
2.27
2.03
1.84
0.59
0.0
0.0
0.0
0.0
0.0
0.0
0.0
0.0
0.0
0.0
0.0
0.0
1.2
3.05
2.26
1.91
1.6
1.37
0.99
0.5
0.13
0.07
0.03
0.0
0.0
0.0
0.0
0.0
0.0
0.0
0.0
0.0
0.0
0.0
0.0
0.0
0.71
1.41
0.99
0.32
0.03
0.01
0.0
0.0
0.0
0.0
0.0
0.0
0.0
0.0
0.0
0.0
0.0
0.0
0.0
0.0
0.0
0.0
0.0
0.0
0.1
0.06
0.0
0.0
0.0
0.0
0.0
0.0
0.0
0.0
0.0
0.0
0.0
0.0
0.0
0.0
0.0
0.0
0.0
0.0
0.0
0.0
0.0
0.0
0.44
0.77
0.48
0.25
0.03
0.02
0.01
0.01
0.01
0.0
0.0
0.0
0.0
0.0
0.0
0.0
0.01
0.03
0.0
0.0
0.0
0.0
0.0
0.0
0.28
0.77
0.73
0.69
0.46
0.26
0.07
0.02
0.01
0.01
0.01
0.0
0.0
0.0
0.02
0.18
0.47
0.23
0.0
0.0
0.0
0.0
0.0
0.0
0.49
0.95
0.53
0.3
0.13
0.03
0.02
0.02
0.01
0.01
0.01
0.0
0.0
0.0
0.0
0.25
0.54
0.16
0.0
0.0
0.0
0.0
0.0
0.0
0.72
1.2
0.79
0.41
0.13
0.05
0.03
0.02
0.01
0.01
0.01
0.0
0.0
0.0
0.0
0.0
0.0
0.0
0.0
0.0
0.0
0.0
0.0
0.0
0.56
0.96
0.53
0.45
0.36
0.13
0.04
0.02
0.02
0.01
0.01
0.0
0.0
0.0
0.0
0.0
0.0
0.0
0.0
0.0
0.0
0.0
0.0
0.0
0.32
0.76
0.76
0.73
0.57
0.5
0.46
0.45
0.34
0.26
0.22
0.04
0.0
0.0
0.0
0.0
0.0
0.0
0.0
0.0
0.0
0.0
0.0
0.0
0.6
1.09
0.96
0.92
0.79
0.66
0.61
0.62
0.6
0.51
0.47
0.61
0.76
0.62
0.78
0.82
0.8
0.25
0.0
0.0
0.0
0.0
0.0
0.23
0.46
1.2
1.83
1.37
0.7
0.61
0.57
0.52
0.41
0.36
0.35
0.36
0.37
0.37
0.38
0.4
0.46
0.13
0.0
0.0
0.0
0.0
0.0
0.0
0.42
0.99
1.38
0.71
0.59
0.48
0.36
0.28
0.22
0.2
0.22
0.27
0.29
0.31
0.31
0.34
0.39
0.12
0.0
0.0
0.0
0.0
0.0
0.0
0.24
0.7
0.74
0.71
0.71
0.72
0.77
0.74
0.65
0.63
0.67
0.75
0.74
0.71
0.67
0.76
1.16
0.35
0.0
0.0
0.0
0.0
0.0
0.11
0.22
0.62
0.51
0.36
0.24
0.23
0.24
0.22
0.16
0.12
0.05
0.01
0.0
0.0
0.0
0.0
0.0
0.0
0.0
0.0
0.0
0.0
0.0
0.0
0.34
0.59
0.44
0.34
0.15
0.03
0.02
0.01
0.01
0.01
0.0
0.0
0.0
0.0
0.0
0.0
0.0
0.0
0.0
0.0
0.0
0.0
0.0
0.0
0.31
0.47
0.37
0.2
0.03
0.01
0.01
0.01
0.0
0.0
0.0
0.0
0.0
0.0
0.0
0.0
0.0
0.0
0.0
0.0
0.0
0.0
0.0
0.0
0.05
0.03
0.0
0.0
0.0
0.0
0.0
0.0
0.0
0.0
0.0
0.0
0.0
0.0
0.0
0.0
0.0
0.0
0.0
0.0
0.0
0.0
0.0
0.0
0.0
0.0
0.0
0.0
0.0
0.0
0.0
0.0
0.0
0.0
0.0
0.0
0.0
0.0
0.0
0.0
0.0
0.0
0.0
0.0
0.0
0.0
0.0
0.0
0.02
0.08
0.07
0.02
0.0
0.0
0.0
0.0
0.0
0.0
0.0
0.0
0.0
0.01
0.07
0.12
0.15
0.04
0.0
0.0
0.0
0.0
0.0
0.0
0.12
0.26
0.27
0.29
0.31
0.33
0.32
0.31
0.3
0.3
0.34
0.43
0.45
0.45
0.41
0.41
0.42
0.14
0.0
0.0
0.0
0.0
0.0
0.0
0.29
0.62
0.6
0.59
0.57
0.48
0.35
0.23
0.15
0.15
0.1
0.0
0.0
0.0
0.0
0.0
0.0
0.0
0.0
0.0
0.0
0.0
0.0
0.14
0.27
0.58
0.49
0.37
0.16
0.07
0.02
0.01
0.01
0.01
0.01
0.0
0.0
0.0
0.0
0.0
0.0
0.0
0.0
0.0
0.0
0.0
0.0
0.0
0.24
0.56
0.53
0.49
0.42
0.38
0.28
0.21
0.11
0.15
0.2
0.04
0.0
0.0
0.0
0.0
0.0
0.0
0.0
0.0
0.0
0.0
0.0
0.16
0.32
0.72
0.66
0.61
0.51
0.39
0.3
0.28
0.16
0.14
0.18
0.19
0.23
0.27
0.37
0.5
0.52
0.13
0.0
0.0
0.0
0.0
0.0
0.0
0.32
0.68
0.66
0.58
0.54
0.47
0.37
0.3
0.12
0.11
0.11
0.13
0.16
0.18
0.23
0.29
0.33
0.12
0.0
0.0
0.0
0.0
0.0
0.0
0.21
0.57
0.5
0.42
0.33
0.29
0.27
0.29
0.34
0.37
0.31
0.28
0.27
0.24
0.19
0.35
0.58
0.16
0.0
0.0
0.0
0.0
0.0
0.0
0.23
0.62
0.57
0.55
0.52
0.45
0.42
0.39
0.32
0.26
0.18
0.16
0.17
0.13
0.16
0.21
0.28
0.08
0.0
0.0
0.0
0.0
0.0
0.0
0.23
0.61
0.88
0.93
0.76
0.53
0.5
0.46
0.43
0.42
0.35
0.08
0.0
0.0
0.0
0.0
0.0
0.0
0.0
0.0
0.0
0.0
0.0
0.0
0.21
0.6
0.54
0.52
0.5
0.37
0.2
0.07
0.05
0.03
0.02
0.0
0.0
0.0
0.0
0.0
0.0
0.0
0.0
0.0
0.0
0.0
0.0
0.0
0.18
0.5
0.43
0.4
0.36
0.29
0.2
0.07
0.03
0.22
0.16
0.01
0.0
0.0
0.0
0.0
0.0
0.0
0.0
0.0
0.0
0.0
0.0
0.0
0.27
0.58
0.53
0.51
0.48
0.43
0.45
0.44
0.27
0.15
0.13
0.13
0.15
0.37
0.54
0.46
0.48
0.14
0.0
0.0
0.0
0.0
0.0
0.0
0.24
0.64
0.63
0.64
0.61
0.57
0.54
0.42
0.27
0.15
0.27
0.42
0.38
0.43
0.46
0.48
0.48
0.14
0.0
0.0
0.0
0.0
0.0
0.0
0.44
0.9
1.36
1.04
0.5
0.33
0.26
0.2
0.04
0.03
0.21
0.22
0.09
0.09
0.09
0.1
0.15
0.05
0.0
0.0
0.0
0.0
0.0
0.0
0.07
0.24
0.19
0.13
0.11
0.05
0.01
0.01
0.01
0.0
0.0
0.0
0.0
0.0
0.0
0.0
0.0
0.0
0.0
0.0
0.0
0.0
0.0
0.0
0.08
0.18
0.11
0.06
0.0
0.0
0.0
0.0
0.0
0.0
0.0
0.0
0.0
0.0
0.0
0.0
0.0
0.0
0.0
0.0
0.0
0.0
0.0
0.0
0.13
0.28
0.29
0.25
0.08
0.01
0.01
0.01
0.0
0.0
0.0
0.0
0.0
0.0
0.0
0.0
0.0
0.0
0.0
0.0
0.0
0.0
0.0
0.0
0.12
0.3
0.17
0.06
0.01
0.01
0.01
0.0
0.0
0.0
0.0
0.0
0.0
0.0
0.0
0.0
0.0
0.0
0.0
0.0
0.0
0.0
0.0
0.0
0.12
0.31
0.2
0.09
0.01
0.01
0.01
0.0
0.0
0.0
0.0
0.0
0.0
0.0
0.0
0.0
0.0
0.0
0.0
0.0
0.0
0.0
0.0
0.0
0.15
0.34
0.2
0.03
0.01
0.01
0.01
0.0
0.0
0.0
0.0
0.0
0.0
0.0
0.0
0.0
0.0
0.0
0.0
0.0
0.0
0.0
0.0
0.0
0.01
0.05
0.01
0.0
0.0
0.0
0.0
0.0
0.0
0.0
0.0
0.0
0.0
0.0
0.0
0.0
0.0
0.0
0.0
0.0
0.0
0.0
0.0
0.0
0.0
0.0
0.0
0.0
0.0
0.0
0.0
0.0
0.0
0.0
0.0
0.0
0.0
0.0
0.0
0.0
0.0
0.0
0.0
0.0
0.0
0.0
0.0
0.0
0.06
0.29
0.4
0.38
0.29
0.17
0.09
0.02
0.01
0.01
0.01
0.0
0.0
0.0
0.0
0.0
0.0
0.0
0.0
0.0
0.0
0.0
0.0
0.0
0.11
0.37
0.34
0.3
0.25
0.23
0.2
0.31
0.32
0.3
0.3
0.02
0.0
0.0
0.0
0.0
0.0
0.0
0.0
0.0
0.0
0.0
0.0
0.0
0.14
0.4
0.35
0.31
0.3
0.28
0.25
0.19
0.16
0.13
0.06
0.01
0.0
0.0
0.0
0.0
0.0
0.0
0.0
0.0
0.0
0.0
0.0
0.0
0.11
0.39
0.37
0.32
0.29
0.26
0.23
0.21
0.2
0.2
0.18
0.15
0.14
0.15
0.18
0.23
0.25
0.08
0.0
0.0
0.0
0.0
0.0
0.0
0.14
0.37
0.31
0.24
0.21
0.2
0.14
0.04
0.02
0.01
0.01
0.01
0.01
0.01
0.21
0.38
0.34
0.1
0.0
0.0
0.0
0.0
0.0
0.0
0.15
0.36
0.33
0.29
0.27
0.23
0.18
0.11
0.09
0.08
0.02
0.01
0.01
0.07
0.11
0.11
0.25
0.08
0.0
0.0
0.0
0.0
0.0
0.0
0.14
0.37
0.3
0.28
0.24
0.17
0.12
0.09
0.18
0.32
0.4
0.3
0.27
0.24
0.23
0.22
0.24
0.04
0.0
0.0
0.0
0.0
0.0
0.0
0.11
0.43
1.06
0.99
0.37
0.26
0.24
0.22
0.21
0.25
0.31
0.05
0.0
0.0
0.0
0.0
0.0
0.0
0.0
0.0
0.0
0.0
0.0
0.0
0.0
0.04
0.03
0.01
0.01
0.01
0.01
0.01
0.0
0.0
0.0
0.0
0.0
0.0
0.0
0.0
0.0
0.0
0.0
0.0
0.0
0.0
0.0
0.0
0.02
0.1
0.08
0.06
0.01
0.0
0.0
0.0
0.0
0.0
0.0
0.0
0.0
0.0
0.0
0.0
0.0
0.0
0.0
0.0
0.0
0.0
0.0
0.0
0.01
0.13
0.1
0.0
0.0
0.0
0.0
0.0
0.0
0.0
0.0
0.0
0.0
0.0
0.0
0.0
0.0
0.0
0.0
0.0
0.0
0.0
0.0
0.0
0.0
0.0
0.0
0.0
0.0
0.0
0.0
0.0
0.0
0.0
0.0
0.0
0.0
0.0
0.0
0.0
0.0
0.0
0.0
0.0
0.0
0.0
0.0
0.0
0.0
0.0
0.0
0.0
0.0
0.0
0.0
0.0
0.0
0.0
0.0
0.0
0.0
0.0
0.02
0.1
0.11
0.03
0.0
0.0
0.0
0.0
0.0
0.0
0.01
0.07
0.09
0.11
0.11
0.06
0.0
0.0
0.0
0.0
0.0
0.0
0.0
0.0
0.0
0.0
0.0
0.0
0.0
0.0
0.0
0.0
0.0
0.0
0.01
0.1
0.01
0.0
0.0
0.0
0.0
0.0
0.0
0.0
0.02
0.0
0.0
0.0
0.0
0.0
0.0
0.0
0.0
0.0
0.0
0.0
0.0
0.0
0.05
0.17
0.14
0.13
0.11
0.11
0.07
0.06
0.1
0.08
0.02
0.0
0.0
0.0
0.0
0.0
0.0
0.0
0.0
0.0
0.0
0.0
0.0
0.0
0.04
0.17
0.15
0.14
0.14
0.13
0.09
0.06
0.04
0.01
0.01
0.01
0.01
0.0
0.0
0.0
0.0
0.0
0.0
0.0
0.0
0.0
0.0
0.0
0.03
0.18
0.15
0.13
0.12
0.07
0.02
0.01
0.01
0.01
0.01
0.0
0.0
0.0
0.0
0.0
0.01
0.01
0.0
0.0
0.0
0.0
0.0
0.0
0.01
0.07
0.1
0.08
0.04
0.06
0.01
0.0
0.0
0.0
0.0
0.0
0.0
0.0
0.0
0.0
0.0
0.01
0.0
0.0
0.0
0.0
0.0
0.0
0.01
0.14
0.11
0.08
0.06
0.01
0.0
0.0
0.0
0.0
0.0
0.0
0.0
0.0
0.0
0.0
0.0
0.02
0.0
0.0
0.0
0.0
0.0
0.0
0.01
0.08
0.08
0.06
0.0
0.0
0.0
0.0
0.0
0.0
0.0
0.0
0.0
0.0
0.0
0.0
0.0
0.0
0.0
0.0
0.0
0.0
0.0
0.0
0.01
0.09
0.09
0.04
0.01
0.0
0.0
0.0
0.0
0.0
0.0
0.0
0.0
0.0
0.0
0.0
0.0
0.0
0.0
0.0
0.0
0.0
0.0
0.0
0.03
0.14
0.12
0.09
0.12
0.13
0.11
0.09
0.05
0.02
0.0
0.0
0.0
0.0
0.0
0.0
0.0
0.0
0.0
0.0
0.0
0.0
0.0
0.0
0.05
0.22
0.17
0.16
0.15
0.1
0.12
0.12
0.11
0.15
0.14
0.13
0.13
0.13
0.15
0.16
0.16
0.03
0.0
0.0
0.0
0.0
0.0
0.0
0.1
0.31
1.1
1.01
0.86
0.21
0.14
0.12
0.11
0.05
0.02
0.02
0.02
0.02
0.1
0.22
0.27
0.04
0.0
0.0
0.0
0.0
0.0
0.0
0.09
0.25
0.23
0.42
0.22
0.15
0.1
0.05
0.01
0.01
0.01
0.01
0.01
0.01
0.01
0.0
0.0
0.0
0.0
0.0
0.0
0.0
0.0
0.0
0.05
0.21
0.17
0.14
0.11
0.1
0.07
0.03
0.01
0.03
0.07
0.05
0.03
0.01
0.06
0.27
0.32
0.07
0.0
0.0
0.0
0.0
0.0
0.03
0.07
0.25
0.22
0.21
0.2
0.19
0.2
0.19
0.19
0.16
0.13
0.12
0.16
0.21
0.18
0.18
0.18
0.03
0.0
0.0
0.0
0.0
0.0
0.0
0.05
0.22
0.23
0.2
0.17
0.15
0.08
0.01
0.01
0.01
0.01
0.0
0.0
0.0
0.0
0.0
0.0
0.0
0.0
0.0
0.0
0.0
0.0
0.0
0.07
0.26
0.27
0.25
0.22
0.21
0.19
0.15
0.05
0.01
0.01
0.0
0.0
0.0
0.0
0.0
0.0
0.0
0.0
0.0
0.0
0.0
0.0
0.04
0.09
0.37
0.29
0.27
0.2
0.06
0.01
0.01
0.01
0.01
0.01
0.0
0.0
0.0
0.0
0.01
0.07
0.03
0.0
0.0
0.0
0.0
0.0
0.0
0.07
0.31
0.3
0.26
0.2
0.13
0.04
0.01
0.01
0.01
0.0
0.0
0.0
0.0
0.0
0.0
0.01
0.02
0.0
0.0
0.0
0.0
0.0
0.0
0.14
0.38
0.33
0.29
0.25
0.23
0.21
0.18
0.21
0.23
0.2
0.12
0.06
0.01
0.07
0.16
0.19
0.07
0.0
0.0
0.0
0.0
0.0
0.0
0.07
0.26
0.26
0.26
0.25
0.24
0.22
0.17
0.11
0.11
0.11
0.11
0.12
0.14
0.14
0.17
0.19
0.07
0.0
0.0
0.0
0.0
0.0
0.0
0.07
0.3
0.27
0.23
0.14
0.02
0.01
0.01
0.01
0.01
0.0
0.0
0.0
0.0
0.0
0.0
0.08
0.03
0.0
0.0
0.0
0.0
0.0
0.0
0.11
0.4
0.34
0.31
0.23
0.12
0.04
0.01
0.01
0.01
0.01
0.0
0.0
0.0
0.0
0.0
0.0
0.0
0.0
0.0
0.0
0.0
0.0
0.0
0.09
0.27
0.26
0.22
0.19
0.02
0.01
0.01
0.0
0.0
0.0
0.0
0.0
0.0
0.0
0.0
0.0
0.0
0.0
0.0
0.0
0.0
0.0
0.0
0.08
0.32
0.26
0.21
0.14
0.03
0.01
0.01
0.01
0.0
0.0
0.0
0.0
0.0
0.0
0.0
0.0
0.0
0.0
0.0
0.0
0.0
0.0
0.0
0.16
0.42
0.34
0.32
0.3
0.28
0.23
0.15
0.1
0.03
0.06
0.1
0.05
0.06
0.19
0.32
0.36
0.06
0.0
0.0
0.0
0.0
0.0
0.0
0.07
0.26
0.27
0.25
0.15
0.08
0.01
0.01
0.01
0.03
0.23
0.22
0.2
0.21
0.24
0.27
0.28
0.09
0.0
0.0
0.0
0.0
0.0
0.0
0.06
0.28
0.25
0.23
0.26
0.26
0.23
0.24
0.2
0.2
0.2
0.19
0.2
0.22
0.22
0.22
0.13
0.04
0.0
0.0
0.0
0.0
0.0
0.0
0.12
0.3
0.57
0.7
0.64
0.28
0.24
0.23
0.21
0.19
0.15
0.19
0.22
0.17
0.2
0.25
0.27
0.04
0.0
0.0
0.0
0.0
0.0
0.0
0.14
0.5
0.97
0.85
0.69
0.4
0.22
0.17
0.13
0.05
0.01
0.0
0.0
0.0
0.0
0.0
0.0
0.0
0.0
0.0
0.0
0.0
0.0
0.0
0.11
0.38
0.35
0.31
0.3
0.26
0.22
0.18
0.17
0.17
0.11
0.03
0.0
0.0
0.0
0.0
0.0
0.0
0.0
0.0
0.0
0.0
0.0
0.0
0.23
0.79
1.25
1.14
0.93
0.41
0.18
0.07
0.02
0.02
0.01
0.06
0.14
0.15
0.23
0.31
0.37
0.12
0.0
0.0
0.0
0.0
0.0
0.0
0.19
0.65
1.1
0.91
0.87
0.81
0.75
0.56
0.35
0.33
0.33
0.33
0.34
0.58
0.9
0.98
0.6
0.22
0.0
0.0
0.0
0.0
0.0
0.0
0.31
1.22
1.31
1.25
1.22
1.01
0.73
0.37
0.24
0.23
0.2
0.11
0.13
0.21
0.32
0.48
1.1
0.31
0.0
0.0
0.0
0.0
0.0
0.51
1.01
2.07
1.88
1.31
1.17
0.99
0.78
0.31
0.21
0.35
0.48
0.9
1.03
0.98
0.98
1.1
1.23
0.27
0.0
0.0
0.0
0.0
0.0
0.0
1.91
4.35
3.29
2.31
1.31
0.9
0.71
0.5
0.23
0.22
0.21
0.24
0.22
0.37
0.89
1.07
1.18
0.31
0.0
0.0
0.0
0.0
0.0
0.0
2.51
5.36
4.16
3.22
1.78
0.78
0.41
0.13
0.03
0.03
0.02
0.0
0.0
0.0
0.0
0.0
0.0
0.0
0.0
0.0
0.0
0.0
0.0
0.0
1.13
2.16
2.02
1.23
0.63
0.25
0.02
0.02
0.01
0.01
0.01
0.0
0.0
0.0
0.0
0.0
0.0
0.0
0.0
0.0
0.0
0.0
0.0
0.0
0.95
2.51
2.52
1.95
1.65
1.28
0.71
0.25
0.09
0.04
0.03
0.02
0.07
0.33
0.45
1.0
1.3
0.37
0.0
0.0
0.0
0.0
0.0
1.23
2.45
4.33
4.53
4.26
2.64
1.93
1.67
1.5
1.11
0.99
1.01
1.14
1.24
1.26
1.39
1.85
2.66
0.68
0.0
0.01
0.01
0.11
0.18
0.31
10.72
13.75
10.61
8.69
5.63
3.06
1.97
1.31
1.13
1.12
1.1
1.07
1.1
1.41
2.15
3.56
3.94
1.22
0.09
0.12
0.16
0.18
0.21
0.26
5.78
9.26
6.6
6.05
4.78
2.43
1.63
1.15
0.92
0.83
0.78
1.1
1.14
1.38
2.27
3.55
4.21
1.38
0.16
0.21
0.24
0.27
0.31
0.36
8.21
10.82
9.07
7.58
5.27
3.31
3.17
2.44
2.02
1.55
1.24
1.11
1.34
2.34
4.34
5.88
7.53
1.85
0.47
0.5
0.57
0.62
0.63
0.66
12.11
17.79
13.96
10.63
6.89
7.59
4.75
3.37
2.74
2.26
1.41
0.29
0.0
0.0
0.27
0.39
0.59
0.65
0.71
0.74
0.78
0.82
0.9
0.95
17.99
22.46
20.58
14.5
10.98
8.05
6.42
4.46
3.4
2.44
2.56
0.66
0.0
0.06
0.24
0.53
0.59
0.66
0.69
0.71
0.75
0.79
0.85
10.25
19.64
24.34
18.72
17.76
14.46
11.78
10.28
7.05
4.82
4.62
4.87
5.64
8.31
11.67
14.85
15.37
15.54
4.87
0.69
0.77
0.91
1.07
1.14
1.14
25.03
30.35
27.22
26.36
22.69
17.52
11.05
8.55
7.57
7.12
6.31
5.04
8.75
12.68
21.29
25.46
27.67
6.42
1.28
1.32
1.42
1.53
1.54
1.61
39.66
45.73
44.88
39.78
32.71
30.79
27.38
23.83
23.19
19.91
16.64
15.25
20.29
27.07
33.44
37.56
40.84
9.54
1.72
1.74
1.8
1.84
1.82
1.81
43.26
54.07
53.68
46.56
38.64
30.88
27.37
20.2
19.1
21.17
23.04
16.12
15.42
21.78
29.43
33.62
35.71
8.49
1.41
1.34
1.24
1.14
1.02
1.0
17.45
29.66
28.8
28.21
22.03
19.82
15.99
12.28
8.54
6.57
5.51
6.1
8.75
12.62
14.94
16.61
17.25
5.63
0.68
0.7
0.7
0.68
0.66
0.67
10.5
19.24
18.15
17.0
14.92
11.63
8.59
6.26
5.17
4.76
4.55
1.22
0.33
0.36
0.38
0.41
0.42
0.41
0.44
0.48
0.51
0.58
0.62
0.67
12.6
26.22
27.31
21.25
18.87
19.87
15.78
13.97
12.44
10.29
10.45
2.86
0.53
0.69
0.85
1.03
1.07
1.07
1.12
1.18
1.19
1.28
1.36
1.38
33.56
47.16
47.08
40.34
33.23
24.19
16.57
14.3
11.5
7.57
7.96
2.94
0.62
0.69
0.85
0.89
0.9
0.92
0.95
0.97
0.99
1.04
1.06
1.05
23.79
34.78
34.24
31.14
29.5
27.43
24.14
17.59
14.82
11.17
8.27
9.43
10.83
14.81
17.61
19.01
20.45
6.82
0.89
0.97
1.02
1.05
1.11
1.19
29.06
39.81
39.33
36.99
33.55
29.2
23.51
18.76
12.54
9.82
9.72
11.1
14.32
17.45
20.23
22.82
25.47
8.67
0.94
0.96
1.02
1.15
1.23
1.26
27.2
42.59
44.03
38.99
30.59
13.37
8.78
3.52
0.19
0.0
0.0
0.0
0.0
0.0
0.0
1.98
5.87
2.76
0.24
0.25
0.24
0.23
0.27
0.37
7.88
16.43
16.73
12.58
11.2
8.66
4.17
1.23
0.62
0.03
0.0
0.0
2.69
6.82
12.22
15.44
18.81
6.75
0.72
0.71
0.8
0.83
0.82
0.84
18.48
26.12
25.22
21.42
17.43
14.64
10.61
7.88
6.28
4.48
4.7
1.19
0.28
0.43
0.5
0.52
0.56
0.62
0.57
0.43
0.37
0.36
0.4
0.45
6.86
14.1
13.69
11.0
9.35
4.66
5.27
2.43
0.89
0.74
0.95
0.36
0.11
0.13
0.2
0.36
0.51
0.59
0.68
0.81
0.95
1.15
1.29
1.34
36.18
43.74
45.46
38.8
24.96
15.52
10.59
8.62
9.14
5.97
6.43
1.97
0.4
0.69
0.89
1.01
1.04
1.16
1.27
1.32
1.38
1.48
1.55
21.55
41.55
52.45
51.76
46.02
43.28
33.24
19.71
17.11
18.18
14.77
11.54
12.98
19.04
29.6
34.5
37.15
39.25
10.72
1.58
1.68
1.77
1.82
1.86
1.93
52.89
61.69
60.93
52.9
44.19
34.17
25.79
20.77
20.9
17.83
16.16
16.92
21.5
31.5
37.01
41.47
43.74
11.91
1.71
1.77
1.82
1.91
1.92
1.94
50.61
61.54
62.32
53.43
45.35
37.05
30.92
28.75
26.95
22.67
18.36
18.38
22.98
32.24
37.62
39.07
40.21
11.79
1.49
1.52
1.53
1.54
1.54
17.84
34.13
47.15
45.54
38.76
37.72
33.98
28.27
24.53
21.59
17.84
14.83
15.25
19.52
24.92
29.76
31.2
32.66
10.23
1.2
1.26
1.28
1.31
1.32
1.35
29.0
41.02
39.28
35.11
33.77
32.21
26.31
19.26
16.67
14.32
13.4
3.48
0.81
0.95
1.06
1.1
1.12
1.12
1.21
1.2
1.22
1.27
1.38
1.43
32.81
45.03
44.48
40.77
36.58
33.87
29.78
26.38
23.73
19.72
19.56
7.53
1.04
1.14
1.35
1.5
1.54
1.56
1.6
1.62
1.64
1.67
1.68
1.72
42.89
56.21
54.85
48.07
47.61
44.07
41.43
39.41
38.13
36.66
38.94
40.43
44.12
47.55
48.04
48.94
49.64
15.01
1.72
1.74
1.75
1.76
1.78
1.82
45.74
55.91
55.4
49.53
48.11
46.43
43.57
42.05
37.57
33.4
33.58
38.0
40.84
43.73
45.54
47.81
48.4
12.84
1.68
1.67
1.66
1.69
1.69
1.68
35.96
52.11
50.77
49.69
44.74
43.44
39.2
35.35
32.77
27.4
25.11
27.09
30.93
37.69
41.41
43.7
45.87
13.18
1.77
1.76
1.77
1.82
1.82
1.83
44.31
57.39
57.84
54.29
52.71
44.93
36.89
29.55
23.99
20.78
18.39
19.4
22.94
33.17
39.05
41.55
42.46
13.93
1.5
1.47
1.47
1.51
1.56
1.55
34.48
42.38
37.04
34.4
33.45
31.33
27.69
24.98
21.56
17.29
15.57
14.14
13.21
15.66
16.76
16.06
16.69
7.46
0.68
0.73
0.71
0.79
0.83
0.75
10.88
20.48
25.97
30.11
31.14
29.56
25.04
21.03
20.78
18.11
16.14
5.97
0.85
0.99
1.11
1.19
1.22
1.27
1.3
1.28
1.22
1.15
1.11
1.07
19.26
31.85
30.58
26.63
25.97
25.1
24.1
22.24
20.41
20.26
22.0
8.15
0.89
0.93
0.97
1.01
1.01
1.04
1.08
1.1
1.11
1.16
1.2
1.24
27.42
42.34
43.18
43.86
43.54
41.87
38.72
35.5
32.92
31.52
30.0
31.06
33.36
39.04
42.76
42.5
41.04
12.35
1.31
1.25
1.18
1.22
1.22
1.22
23.87
40.6
42.99
44.24
43.47
40.5
37.7
33.92
32.16
32.36
31.65
29.87
32.06
36.69
39.26
43.77
48.53
12.92
1.74
1.76
1.78
1.82
1.9
1.95
50.38
61.0
60.41
53.56
51.98
48.28
47.67
45.64
41.9
42.85
46.13
46.96
48.0
48.72
48.82
49.22
49.62
15.52
1.93
2.0
2.02
2.03
2.05
2.12
48.23
63.87
61.59
59.59
58.7
55.3
50.21
42.0
35.02
32.91
31.83
32.41
34.68
36.19
36.26
37.93
37.44
12.12
1.28
1.27
1.27
1.28
1.27
1.21
23.38
37.2
35.54
33.99
31.78
28.68
28.15
28.14
31.23
30.07
28.8
28.52
29.85
34.87
35.96
36.14
37.09
11.02
1.34
1.34
1.37
1.4
1.43
1.46
27.9
45.84
49.49
48.46
46.72
41.16
38.14
37.03
36.06
32.73
32.15
7.69
1.7
1.76
1.86
2.62
2.6
2.07
1.89
1.92
1.99
1.96
1.99
2.0
2.01
48.59
62.18
60.88
59.51
53.07
53.2
52.07
52.74
53.32
54.52
52.14
19.1
2.06
2.16
2.15
2.19
2.22
2.22
2.24
2.29
2.36
2.39
2.4
2.38
56.73
74.9
68.81
67.57
65.26
61.46
57.08
54.65
52.43
54.05
56.34
59.15
60.87
61.13
60.51
58.49
57.04
16.39
1.93
1.9
1.85
1.74
1.69
21.01
40.34
63.78
65.88
66.37
61.59
59.34
54.54
52.41
50.0
50.12
46.92
51.43
56.0
58.03
58.93
59.71
60.49
18.76
2.31
2.47
2.67
2.76
3.35
3.59
74.45
89.97
89.24
87.95
85.98
81.94
78.51
75.99
73.86
73.32
73.96
77.93
78.07
79.62
79.9
79.97
80.05
24.18
5.25
5.27
5.11
5.05
5.04
4.95
67.38
80.62
78.81
75.37
68.06
64.65
58.1
54.63
47.95
47.16
50.26
54.83
58.13
60.13
60.73
61.48
63.81
23.81
4.29
3.78
3.87
4.13
4.61
39.95
75.29
89.61
88.67
81.65
74.39
65.83
57.77
50.84
45.23
42.81
45.07
53.62
59.11
63.06
61.2
60.5
61.11
19.25
2.92
2.16
2.24
2.13
2.04
2.02
44.85
56.73
54.41
52.22
48.1
45.5
42.32
42.23
40.91
38.17
37.45
11.07
1.59
1.6
1.6
1.63
1.86
1.71
1.62
1.63
1.63
1.61
1.63
1.72
34.57
50.86
50.15
49.04
46.07
41.92
39.17
37.86
37.13
34.63
33.4
14.21
1.4
1.54
1.55
1.53
1.56
1.56
1.58
1.59
1.62
1.57
1.41
1.23
18.57
34.78
43.01
44.14
43.62
42.84
40.03
38.47
35.01
33.86
35.3
37.61
38.78
40.26
41.91
45.07
49.4
14.94
1.7
1.63
1.61
1.6
1.67
1.75
39.16
53.41
50.47
46.81
44.19
46.96
46.75
41.97
34.74
34.0
34.3
36.88
41.36
44.85
46.27
47.25
48.55
14.27
1.68
1.65
1.64
1.67
1.71
1.75
35.67
51.42
50.41
45.12
44.73
44.22
42.81
40.87
36.46
35.53
39.92
46.08
45.14
46.98
48.66
49.92
50.33
14.77
1.71
1.78
1.8
1.79
1.8
1.84
43.47
58.16
58.24
53.35
51.08
48.22
45.08
41.08
35.9
36.24
38.32
42.83
47.39
49.83
49.77
49.69
49.6
12.96
1.8
1.8
1.82
1.85
1.88
1.95
46.08
60.44
56.44
52.52
51.71
50.74
50.13
50.77
49.33
48.65
47.88
48.5
49.44
50.33
50.88
50.63
50.16
13.79
1.81
1.87
1.93
1.95
1.96
2.0
46.21
60.32
58.78
58.54
56.03
52.96
50.93
48.99
47.69
47.6
49.54
18.03
3.35
3.59
3.65
3.72
3.79
3.11
2.1
2.14
2.19
2.26
2.29
2.33
55.39
71.48
70.39
68.73
65.5
62.13
56.99
52.93
51.92
51.27
52.49
18.47
2.09
2.19
2.23
2.2
2.23
2.28
2.32
2.37
2.5
2.67
2.68
2.72
60.8
78.26
76.79
73.07
71.81
64.52
58.8
57.92
51.36
51.79
53.63
57.13
58.22
60.66
63.89
64.34
64.12
19.54
2.35
2.29
2.28
2.25
2.25
2.25
51.78
67.31
67.35
66.67
64.55
60.66
57.56
56.16
53.76
53.56
53.49
52.9
52.54
51.79
51.27
50.87
32.76
14.66
2.02
2.25
2.53
2.69
3.35
3.76
74.76
88.63
86.37
83.36
80.8
75.06
72.12
70.69
67.86
66.58
67.12
67.09
66.44
66.94
66.7
66.72
44.61
22.51
4.13
3.57
3.0
3.08
3.12
3.09
55.13
69.78
67.39
66.09
63.74
60.76
57.62
56.84
54.23
53.43
53.37
53.09
52.44
52.71
53.18
53.1
53.02
17.97
1.9
1.92
1.97
1.97
1.97
21.15
40.33
57.4
54.25
53.84
52.97
49.92
47.59
45.75
42.06
41.31
41.96
44.9
46.99
46.81
47.18
47.37
48.24
11.95
1.76
1.73
1.72
1.78
1.81
1.84
36.14
53.51
53.67
56.73
57.43
57.06
56.51
57.08
57.55
58.83
60.87
22.83
4.31
4.34
4.35
4.42
4.48
4.54
4.33
3.35
3.98
4.78
5.15
5.24
77.75
91.44
88.52
82.72
83.46
82.85
81.58
76.42
71.92
69.85
72.33
25.68
2.79
2.82
3.48
4.21
4.37
4.45
4.58
4.79
5.07
5.2
5.3
5.45
77.88
97.45
93.63
91.83
90.86
90.56
88.25
84.75
82.39
82.65
83.59
83.93
84.21
84.02
84.16
84.29
84.6
27.46
5.35
5.82
6.28
6.6
6.85
7.37
85.04
99.62
99.46
94.48
88.67
82.74
79.34
77.84
72.65
70.03
70.58
76.6
80.63
82.73
82.74
81.75
80.49
28.62
4.95
4.88
4.97
4.86
4.59
4.41
53.81
64.25
60.7
59.27
58.82
57.83
54.95
51.56
47.93
47.4
47.48
46.89
47.83
49.31
50.3
52.59
53.41
17.65
2.02
1.95
1.99
2.02
2.01
2.13
40.84
57.69
56.68
56.52
57.58
57.8
56.34
56.21
56.77
55.42
56.15
60.85
63.89
67.05
68.0
68.91
70.47
25.61
4.89
4.81
4.65
4.82
5.41
5.51
74.79
91.89
89.12
83.46
79.36
74.28
68.08
65.27
60.66
60.71
63.14
70.14
73.82
75.65
78.6
79.61
79.55
28.02
5.44
5.52
5.8
5.97
5.99
6.08
74.32
89.51
86.99
82.81
75.72
69.06
65.28
64.27
60.75
60.44
63.0
22.34
4.76
4.98
5.1
5.17
5.62
5.78
6.04
6.43
6.73
7.03
7.38
7.45
83.02
97.76
95.5
91.44
89.93
88.45
86.23
83.39
79.78
77.54
77.88
29.08
4.04
4.27
4.63
4.67
4.74
4.93
5.04
5.06
5.12
5.09
5.06
4.88
54.89
73.42
72.09
71.74
71.32
68.59
66.06
66.15
63.77
63.24
63.99
65.2
65.29
66.48
66.09
65.6
65.71
22.65
3.87
3.51
3.06
3.11
3.34
28.53
53.72
69.38
68.53
64.73
63.22
62.85
59.89
57.26
56.59
56.08
57.37
61.75
62.58
63.23
63.85
64.57
44.24
23.91
3.8
2.97
2.98
3.08
3.18
3.28
56.29
71.36
70.02
69.69
68.87
63.52
58.99
56.95
56.48
56.6
57.32
60.3
61.22
62.24
62.51
62.95
63.53
22.87
4.01
3.49
4.1
4.75
5.36
5.59
81.04
95.43
94.18
88.67
89.4
88.18
86.28
85.96
83.0
82.29
84.89
87.89
89.59
90.9
92.49
93.44
62.58
31.73
6.32
6.94
7.36
7.78
8.26
8.65
93.78
109.0
107.56
100.32
100.95
98.96
96.65
93.53
91.02
90.26
92.28
94.39
96.4
97.43
97.89
98.35
99.47
24.23
7.48
8.65
9.08
9.22
9.52
9.59
92.28
103.33
101.7
100.7
99.69
96.86
92.75
89.92
89.32
89.33
90.02
25.13
6.84
8.2
8.57
9.1
9.32
9.53
9.62
9.91
10.29
10.61
10.87
11.4
91.52
109.95
109.13
108.3
106.64
103.56
101.81
100.62
99.16
97.19
96.58
25.44
7.03
7.99
8.19
8.43
8.6
8.97
9.33
9.94
10.49
10.83
11.45
11.57
86.04
107.4
106.58
101.98
102.01
99.22
98.66
95.46
93.35
93.02
92.97
94.47
94.8
94.42
94.44
94.46
94.43
23.45
7.07
8.56
9.3
10.02
10.29
10.37
92.64
106.24
103.27
101.44
98.14
92.56
90.39
87.29
86.78
85.39
85.12
87.6
89.87
92.91
94.55
96.04
60.63
25.22
6.99
8.45
8.75
9.15
9.34
9.44
89.27
102.82
102.31
102.17
99.71
92.54
89.55
86.5
81.93
81.03
81.55
84.92
88.86
92.66
94.42
95.31
97.31
23.32
8.08
9.23
10.01
10.62
12.15
13.49
110.91
125.16
120.37
110.01
104.77
97.48
94.86
93.26
88.97
86.89
88.62
95.7
98.31
99.58
98.84
99.25
98.2
19.93
8.29
8.97
9.12
9.21
9.31
9.3
86.19
98.44
94.96
93.76
92.28
89.67
87.3
85.38
84.67
84.56
84.6
85.06
84.82
84.93
84.94
84.95
84.23
21.67
6.01
6.77
7.2
7.35
7.65
7.92
77.95
94.15
92.9
91.86
91.03
89.67
87.32
85.33
84.22
83.33
82.89
23.77
6.09
7.35
7.68
8.05
8.86
9.09
9.08
8.96
8.95
8.96
8.82
8.85
78.78
95.6
94.72
93.5
88.77
83.43
82.67
81.12
83.36
84.77
85.05
27.77
5.4
5.76
5.76
5.89
6.05
6.05
6.24
6.34
6.46
6.62
6.68
6.75
64.15
84.49
82.43
81.22
79.97
77.62
74.69
72.42
71.4
70.91
70.56
69.63
69.08
67.3
65.85
64.85
43.46
22.06
3.54
3.42
3.21
2.91
2.85
3.04
37.67
58.0
60.55
62.21
61.53
62.55
60.85
58.82
59.2
59.09
59.56
61.5
62.47
64.33
65.23
66.07
66.82
24.68
4.07
3.95
3.76
3.52
3.55
3.61
52.1
69.35
70.35
69.25
66.29
62.38
59.55
56.49
54.13
53.0
52.16
51.2
50.6
50.43
49.97
49.82
33.25
16.68
1.82
1.82
1.83
1.85
1.86
1.88
34.4
53.65
54.77
55.24
55.27
55.03
54.3
52.71
50.83
48.95
47.65
49.23
50.06
52.69
55.54
55.84
55.92
18.83
2.0
2.0
2.0
2.14
2.29
2.66
55.15
70.8
69.46
69.46
68.25
62.4
60.02
59.4
56.03
53.61
54.08
57.72
58.91
61.9
64.61
64.75
64.25
23.44
3.69
2.87
3.15
3.26
3.42
3.58
62.76
76.66
73.77
71.21
64.73
61.53
56.28
48.62
42.6
39.86
43.81
17.71
2.44
2.88
3.08
3.29
3.39
3.19
2.06
2.01
2.19
2.95
3.07
3.49
59.16
83.02
83.46
82.34
80.48
77.88
75.19
73.28
73.2
72.46
71.64
24.59
2.44
2.43
2.47
2.72
2.97
3.05
3.09
3.13
3.13
3.09
3.05
3.06
53.62
70.25
72.03
71.95
71.86
72.53
72.64
69.14
67.86
69.45
71.27
72.39
72.46
73.09
72.56
73.21
74.44
24.88
4.58
4.46
4.4
4.32
4.42
4.56
68.52
82.87
81.65
81.81
80.65
75.15
72.72
70.32
69.9
70.97
71.37
74.41
77.47
82.17
84.51
85.12
55.6
26.09
5.65
6.07
6.17
6.26
6.47
6.54
80.65
96.75
95.8
94.92
91.87
85.56
84.44
84.18
81.23
77.84
77.42
79.46
80.45
81.5
81.66
82.79
82.56
24.25
5.38
5.69
5.79
5.96
6.14
6.57
78.47
92.68
90.06
90.57
90.46
88.95
85.33
82.74
79.87
78.82
78.57
78.11
77.96
77.36
77.28
77.4
77.52
23.68
5.01
5.27
5.41
5.53
5.82
5.88
72.32
86.31
84.19
82.35
79.74
73.82
71.0
67.66
66.09
67.03
70.65
19.32
3.32
4.18
4.8
5.31
5.62
5.94
6.11
6.19
6.66
6.78
7.03
7.47
78.69
97.75
97.53
97.16
95.69
93.41
90.71
89.03
87.77
86.28
85.09
26.75
5.49
6.04
6.87
7.2
7.96
8.02
8.12
8.21
8.37
8.39
8.21
8.14
75.49
93.02
91.46
90.35
88.87
86.15
82.07
79.83
78.31
77.27
75.73
29.46
4.44
4.8
5.04
5.09
5.14
5.14
5.1
5.18
4.9
4.68
4.72
4.75
44.71
71.91
74.81
76.27
73.9
71.05
68.11
65.28
63.99
62.17
61.53
64.45
65.63
67.12
67.7
67.22
65.86
20.58
3.29
2.74
2.43
2.5
2.49
2.51
37.61
58.28
56.82
57.14
58.23
60.43
66.36
69.17
68.42
65.07
61.91
58.72
55.26
50.13
48.74
48.12
49.03
13.4
1.87
1.77
1.85
2.0
2.09
2.13
46.97
62.88
60.56
59.76
60.26
58.4
56.82
58.77
61.78
62.55
62.68
64.3
66.52
67.71
67.34
67.53
66.73
26.93
4.17
3.43
3.47
3.67
4.14
4.4
66.24
82.7
84.23
85.14
80.99
78.34
72.08
67.86
60.71
59.07
60.26
65.9
68.86
69.32
68.44
66.63
65.58
18.63
4.1
3.99
3.75
3.56
3.68
3.94
58.51
73.14
71.09
69.54
65.4
60.51
56.33
52.09
49.35
49.08
51.55
19.22
2.12
2.23
2.25
2.4
3.09
3.38
3.66
3.75
3.84
4.08
4.2
29.95
55.7
78.29
78.83
77.65
73.57
71.83
65.99
63.87
61.64
59.72
63.95
22.18
4.2
4.35
4.47
4.51
4.71
4.8
5.08
5.33
